"Time","Transmit Total (Network I/O)","Receive Total (Network I/O)"
2025-03-27 08:05:00,62662,10019
2025-03-27 08:10:00,78155,14556
2025-03-27 08:15:00,63805,10877
2025-03-27 08:20:00,66751,11550
2025-03-27 08:25:00,63865,10766
2025-03-27 08:30:00,66582,11093
2025-03-27 08:35:00,64063,10671
2025-03-27 08:40:00,80530,14623
2025-03-27 08:45:00,63819,10802
2025-03-27 08:50:00,66828,11161
2025-03-27 08:55:00,63958,10564
2025-03-27 09:00:00,66946,11259
2025-03-27 09:05:00,63859,11168
2025-03-27 09:10:00,78414,14473
2025-03-27 09:15:00,63817,10875
2025-03-27 09:20:00,66949,11598
2025-03-27 09:25:00,63549,11015
2025-03-27 09:30:00,70146,11763
2025-03-27 09:35:00,64095,10863
2025-03-27 09:40:00,68547,11251
2025-03-27 09:45:00,65033,12667
2025-03-27 09:50:00,77677,12476
2025-03-27 09:55:00,64461,10728
2025-03-27 10:00:00,66187,11390
2025-03-27 10:05:00,64336,10688
2025-03-27 10:10:00,66639,11159
2025-03-27 10:15:00,63633,10899
2025-03-27 10:20:00,79038,14849
2025-03-27 10:25:00,63897,10692
2025-03-27 10:30:00,66332,11378
2025-03-27 10:35:00,64021,10667
2025-03-27 10:40:00,69675,11766
2025-03-27 10:45:00,64416,10695
2025-03-27 10:50:00,102455,47810
2025-03-27 10:55:00,158202,101398
2025-03-27 11:00:00,84951,17899
2025-03-27 11:05:00,105992,49384
2025-03-27 11:10:00,214873,178153
2025-03-27 11:15:00,124070,105197
2025-03-27 11:20:00,126900,105624
2025-03-27 11:25:00,209006,179882
2025-03-27 11:30:00,191456,136009
2025-03-27 11:35:00,2271532,2229523
2025-03-27 11:40:00,227695,192498
2025-03-27 11:45:00,211800,351365
2025-03-27 11:50:00,76050,20081
2025-03-27 11:55:00,68287,12667
2025-03-27 12:00:00,84837,16151
2025-03-27 12:05:00,68240,12009
2025-03-27 12:10:00,70744,12706
2025-03-27 12:15:00,68455,11781
2025-03-27 12:20:00,70555,12581
2025-03-27 12:25:00,67914,12250
2025-03-27 12:30:00,83853,16427
2025-03-27 12:35:00,68519,12185
2025-03-27 12:40:00,177089,130814
2025-03-27 12:45:00,83214,32464
2025-03-27 12:50:00,85850,32454
2025-03-27 12:55:00,82556,32716
2025-03-27 13:00:00,86599,33105
2025-03-27 13:05:00,94706,35812
2025-03-27 13:10:00,83862,31145
2025-03-27 13:15:00,69597,13065
2025-03-27 13:20:00,72229,15692
2025-03-27 13:25:00,68920,13798
2025-03-27 13:30:00,73146,13778
2025-03-27 13:35:00,81540,16682
2025-03-27 13:40:00,73270,13857
2025-03-27 13:45:00,69580,13129
2025-03-27 13:50:00,72386,13870
2025-03-27 13:55:00,68755,14037
2025-03-27 14:00:00,73496,13769
2025-03-27 14:05:00,86066,22890
2025-03-27 14:10:00,85107,33026
2025-03-27 14:15:00,82406,32537
2025-03-27 14:20:00,85680,33273
2025-03-27 14:25:00,209734,168884
2025-03-27 14:30:00,81820,29581
2025-03-27 14:35:00,479853,432956
2025-03-27 14:40:00,456078,435823
2025-03-27 14:45:00,434763,407987
2025-03-27 14:50:00,130214,108107
2025-03-27 14:55:00,127010,107530
2025-03-27 15:00:00,128531,106159
2025-03-27 15:05:00,129249,108722
2025-03-27 15:10:00,129555,107787
2025-03-27 15:15:00,91731,49279
2025-03-27 15:20:00,84171,17721
2025-03-27 15:25:00,69500,13597
2025-03-27 15:30:00,72297,13029
2025-03-27 15:35:00,72913,15038
2025-03-27 15:40:00,74804,13715
2025-03-27 15:45:00,70601,13372
2025-03-27 15:50:00,85231,16876
2025-03-27 15:55:00,70799,13276
2025-03-27 16:00:00,87803,29373
2025-03-27 16:05:00,2638897,2678281
2025-03-27 16:10:00,82035,16908
2025-03-27 16:15:00,69640,14513
2025-03-27 16:20:00,2285723,2235087
2025-03-27 16:25:00,69797,13173
2025-03-27 16:30:00,72704,14706
2025-03-27 16:35:00,72245,14584
2025-03-27 16:40:00,75664,15041
2025-03-27 16:45:00,70949,13283
2025-03-27 16:50:00,72291,13872
2025-03-27 16:55:00,81766,17208
2025-03-27 17:00:00,72347,14309
2025-03-27 17:05:00,72047,15977
2025-03-27 17:10:00,205452,156710
2025-03-27 17:15:00,68865,12032
2025-03-27 17:20:00,71582,12763
2025-03-27 17:25:00,68953,12107
2025-03-27 17:30:00,83911,15828
2025-03-27 17:35:00,68363,12020
2025-03-27 17:40:00,74734,14342
2025-03-27 17:45:00,69121,12087
2025-03-27 17:50:00,71671,12710
2025-03-27 17:55:00,68537,11872
2025-03-27 18:00:00,71811,12372
2025-03-27 18:05:00,80636,15528
2025-03-27 18:10:00,73457,13850
2025-03-27 18:15:00,68592,12058
2025-03-27 18:20:00,71606,12853
2025-03-27 18:25:00,68321,11974
2025-03-27 18:30:00,71432,12914
2025-03-27 18:35:00,68918,12100
2025-03-27 18:40:00,86951,17478
2025-03-27 18:45:00,68799,12144
2025-03-27 18:50:00,71787,12741
2025-03-27 18:55:00,68518,12208
2025-03-27 19:00:00,71663,12848
2025-03-27 19:05:00,68877,12050
2025-03-27 19:10:00,85668,17522
2025-03-27 19:15:00,68852,12003
2025-03-27 19:20:00,71491,13069
2025-03-27 19:25:00,69076,12216
2025-03-27 19:30:00,71330,12695
2025-03-27 19:35:00,68830,12059
2025-03-27 19:40:00,75105,13893
2025-03-27 19:45:00,80770,15494
2025-03-27 19:50:00,71781,13172
2025-03-27 19:55:00,68549,12276
2025-03-27 20:00:00,73166,15373
2025-03-27 20:05:00,69816,12297
2025-03-27 20:10:00,73082,13602
2025-03-27 20:15:00,81037,15615
2025-03-27 20:20:00,71468,12964
2025-03-27 20:25:00,68919,12116
2025-03-27 20:30:00,71259,12650
2025-03-27 20:35:00,68914,12073
2025-03-27 20:40:00,75178,14054
2025-03-27 20:45:00,144185,91812
2025-03-27 20:50:00,299633,255347
2025-03-27 20:55:00,95472,47069
2025-03-27 21:00:00,98100,47140
2025-03-27 21:05:00,95141,46543
2025-03-27 21:10:00,99634,48398
2025-03-27 21:15:00,95118,46741
2025-03-27 21:20:00,97877,47676
2025-03-27 21:25:00,81755,19511
2025-03-27 21:30:00,69224,12733
2025-03-27 21:35:00,66859,12018
2025-03-27 21:40:00,80165,14237
2025-03-27 21:45:00,66638,12378
2025-03-27 21:50:00,69366,12487
2025-03-27 21:55:00,78331,15351
2025-03-27 22:00:00,69108,12703
2025-03-27 22:05:00,66398,12340
2025-03-27 22:10:00,70695,13372
2025-03-27 22:15:00,66734,12338
2025-03-27 22:20:00,68848,13251
2025-03-27 22:25:00,66288,12230
2025-03-27 22:30:00,81475,15924
2025-03-27 22:35:00,66274,12142
2025-03-27 22:40:00,72210,13736
2025-03-27 22:45:00,66504,12213
2025-03-27 22:50:00,69323,12782
2025-03-27 22:55:00,66090,12280
2025-03-27 23:00:00,69519,12434
2025-03-27 23:05:00,78103,15681
2025-03-27 23:10:00,70748,13455
2025-03-27 23:15:00,66446,12363
2025-03-27 23:20:00,69296,13277
2025-03-27 23:25:00,66237,12170
2025-03-27 23:30:00,69082,12442
2025-03-27 23:35:00,66459,11943
2025-03-27 23:40:00,84806,17487
2025-03-27 23:45:00,66550,12257
2025-03-27 23:50:00,69403,12614
2025-03-27 23:55:00,66122,12323
2025-03-28 00:00:00,69221,12485
2025-03-28 00:05:00,66355,12067
2025-03-28 00:10:00,70794,13532
2025-03-28 00:15:00,78984,15606
2025-03-28 00:20:00,69104,13321
2025-03-28 00:25:00,66414,12192
2025-03-28 00:30:00,68826,12704
2025-03-28 00:35:00,66995,12145
2025-03-28 00:40:00,71979,13753
2025-03-28 00:45:00,66823,13527
2025-03-28 00:50:00,81309,15105
2025-03-28 00:55:00,66379,12166
2025-03-28 01:00:00,69253,12548
2025-03-28 01:05:00,66222,12106
2025-03-28 01:10:00,70668,13460
2025-03-28 01:15:00,65969,11835
2025-03-28 01:20:00,73558,16286
2025-03-28 01:25:00,74342,12687
2025-03-28 01:30:00,69381,12832
2025-03-28 01:35:00,66611,12498
2025-03-28 01:40:00,72345,14057
2025-03-28 01:45:00,66645,12203
2025-03-28 01:50:00,69736,12920
2025-03-28 01:55:00,78114,16394
2025-03-28 02:00:00,69336,12445
2025-03-28 02:05:00,66619,12099
2025-03-28 02:10:00,70519,13393
2025-03-28 02:15:00,66566,12155
2025-03-28 02:20:00,69381,13461
2025-03-28 02:25:00,66599,12357
2025-03-28 02:30:00,81185,15597
2025-03-28 02:35:00,66350,12063
2025-03-28 02:40:00,72484,13956
2025-03-28 02:45:00,66497,12169
2025-03-28 02:50:00,69219,13376
2025-03-28 02:55:00,65205,10930
2025-03-28 03:00:00,80389,14520
2025-03-28 03:05:00,65308,11406
2025-03-28 03:10:00,67759,11673
2025-03-28 03:15:00,65135,11086
2025-03-28 03:20:00,68246,11799
2025-03-28 03:25:00,65012,11046
2025-03-28 03:30:00,68469,11620
2025-03-28 03:35:00,77272,14579
2025-03-28 03:40:00,69411,11853
2025-03-28 03:45:00,65601,11046
2025-03-28 03:50:00,68150,12487
2025-03-28 03:55:00,65040,11096
2025-03-28 04:00:00,68091,11290
2025-03-28 04:05:00,66223,10978
2025-03-28 04:10:00,80006,14896
2025-03-28 04:15:00,65226,11028
2025-03-28 04:20:00,68630,11710
2025-03-28 04:25:00,64530,10874
2025-03-28 04:30:00,68084,11376
2025-03-28 04:35:00,68856,11563
2025-03-28 04:40:00,82084,14942
2025-03-28 04:45:00,65060,10950
2025-03-28 04:50:00,68235,11305
2025-03-28 04:55:00,65724,11184
2025-03-28 05:00:00,68055,11418
2025-03-28 05:05:00,65540,12594
2025-03-28 05:10:00,68144,11823
2025-03-28 05:15:00,77187,14191
2025-03-28 05:20:00,67914,11700
2025-03-28 05:25:00,64758,10807
2025-03-28 05:30:00,67902,11372
2025-03-28 05:35:00,65329,10964
2025-03-28 05:40:00,69484,11744
2025-03-28 05:45:00,65519,11131
2025-03-28 05:50:00,80427,14875
2025-03-28 05:55:00,65219,10996
2025-03-28 06:00:00,67943,11565
2025-03-28 06:05:00,65869,11356
2025-03-28 06:10:00,67728,11606
2025-03-28 06:15:00,65477,11899
2025-03-28 06:20:00,67818,11688
2025-03-28 06:25:00,77032,14761
2025-03-28 06:30:00,68221,11545
2025-03-28 06:35:00,65309,10802
2025-03-28 06:40:00,69258,11947
2025-03-28 06:45:00,65442,10960
2025-03-28 06:50:00,68357,11400
2025-03-28 06:55:00,77304,14768
2025-03-28 07:00:00,68236,11483
2025-03-28 07:05:00,66678,11348
2025-03-28 07:10:00,68785,11594
2025-03-28 07:15:00,65180,11002
2025-03-28 07:20:00,67999,11695
2025-03-28 07:25:00,2254773,2219204
2025-03-28 07:30:00,80399,14576
2025-03-28 07:35:00,65561,11050
2025-03-28 07:40:00,77249,12608
2025-03-28 07:45:00,65297,11033
2025-03-28 07:50:00,68132,11416
2025-03-28 07:55:00,65612,11049
2025-03-28 08:00:00,67875,11562
2025-03-28 08:05:00,77364,14618
2025-03-28 08:10:00,67781,11320
2025-03-28 08:15:00,65588,12119
2025-03-28 08:20:00,67957,12005
2025-03-28 08:25:00,65312,11225
2025-03-28 08:30:00,68170,11417
2025-03-28 08:35:00,76994,14558
2025-03-28 08:40:00,69710,11782
2025-03-28 08:45:00,170797,123747
2025-03-28 08:50:00,1881943,1840062
2025-03-28 08:55:00,503042,451917
2025-03-28 09:00:00,71181,12471
2025-03-28 09:05:00,68886,12051
2025-03-28 09:10:00,83759,15988
2025-03-28 09:15:00,70680,15655
2025-03-28 09:20:00,71772,13449
2025-03-28 09:25:00,68751,12889
2025-03-28 09:30:00,71250,12457
2025-03-28 09:35:00,69368,12487
2025-03-28 09:40:00,72143,12739
2025-03-28 09:45:00,82621,16547
2025-03-28 09:50:00,72130,13278
2025-03-28 09:55:00,69026,12203
2025-03-28 10:00:00,71957,12652
2025-03-28 10:05:00,68437,11933
2025-03-28 10:10:00,71700,12413
2025-03-28 10:15:00,70883,13735
2025-03-28 10:20:00,83725,17369
2025-03-28 10:25:00,68342,12195
2025-03-28 10:30:00,71687,12766
2025-03-28 10:35:00,68795,12225
2025-03-28 10:40:00,2254479,2217610
2025-03-28 10:45:00,86944,23619
2025-03-28 10:50:00,83854,17435
2025-03-28 10:55:00,68606,11985
2025-03-28 11:00:00,103810,47925
2025-03-28 11:05:00,160283,114194
2025-03-28 11:10:00,102256,49468
2025-03-28 11:15:00,101616,49612
2025-03-28 11:20:00,102647,50398
2025-03-28 11:25:00,112191,52967
2025-03-28 11:30:00,102570,49535
2025-03-28 11:35:00,93838,42254
2025-03-28 11:40:00,73995,14120
2025-03-28 11:45:00,72338,15995
2025-03-28 11:50:00,73349,14227
2025-03-28 11:55:00,70044,13309
2025-03-28 12:00:00,84895,18667
2025-03-28 12:05:00,376172,316529
2025-03-28 12:10:00,85337,16320
2025-03-28 12:15:00,71756,13485
2025-03-28 12:20:00,72815,14597
2025-03-28 12:25:00,70310,13450
2025-03-28 12:30:00,87519,31431
2025-03-28 12:35:00,82241,16667
2025-03-28 12:40:00,74133,15179
2025-03-28 12:45:00,71883,14104
2025-03-28 12:50:00,73337,14511
2025-03-28 12:55:00,70433,13530
2025-03-28 13:00:00,94357,26809
2025-03-28 13:05:00,186078,31633
2025-03-28 13:10:00,258473,35728
2025-03-28 13:15:00,69450,12092
2025-03-28 13:20:00,71701,12629
2025-03-28 13:25:00,68626,12312
2025-03-28 13:30:00,1616434,4363114
2025-03-28 13:35:00,264607,269354
2025-03-28 13:40:00,1697909,1603800
2025-03-28 13:45:00,69115,11922
2025-03-28 13:50:00,72407,12842
2025-03-28 13:55:00,69485,11790
2025-03-28 14:00:00,71600,12211
2025-03-28 14:05:00,71283,12787
2025-03-28 14:10:00,90870,252219
2025-03-28 14:15:00,69695,12339
2025-03-28 14:20:00,71893,12427
2025-03-28 14:25:00,68776,11933
2025-03-28 14:30:00,71947,12550
2025-03-28 14:35:00,71102,12623
2025-03-28 14:40:00,73558,12551
2025-03-28 14:45:00,81094,15186
2025-03-28 14:50:00,71538,12424
2025-03-28 14:55:00,3756027,3776918
2025-03-28 15:00:00,71918,12585
2025-03-28 15:05:00,70948,13225
2025-03-28 15:10:00,72271,12515
2025-03-28 15:15:00,69269,11942
2025-03-28 15:20:00,84093,15884
2025-03-28 15:25:00,68852,11978
2025-03-28 15:30:00,72054,12145
2025-03-28 15:35:00,71056,12725
2025-03-28 15:40:00,73603,12694
2025-03-28 15:45:00,68937,11687
2025-03-28 15:50:00,84535,15873
2025-03-28 15:55:00,69627,12145
2025-03-28 16:00:00,71751,14222
2025-03-28 16:05:00,70537,12614
2025-03-28 16:10:00,71986,12758
2025-03-28 16:15:00,69358,11701
2025-03-28 16:20:00,72178,13017
2025-03-28 16:25:00,81030,15575
2025-03-28 16:30:00,71997,12207
2025-03-28 16:35:00,70499,12308
2025-03-28 16:40:00,73127,12496
2025-03-28 16:45:00,198881,152350
2025-03-28 16:50:00,101839,49623
2025-03-28 16:55:00,99577,48363
2025-03-28 17:00:00,114399,51900
2025-03-28 17:05:00,99651,50058
2025-03-28 17:10:00,102362,48950
2025-03-28 17:15:00,79592,22842
2025-03-28 17:20:00,72991,14450
2025-03-28 17:25:00,70012,13277
2025-03-28 17:30:00,72953,13635
2025-03-28 17:35:00,84276,16586
2025-03-28 17:40:00,83145,14564
2025-03-28 17:45:00,73129,13774
2025-03-28 17:50:00,73388,13399
2025-03-28 17:55:00,70579,12704
2025-03-28 18:00:00,73191,13335
2025-03-28 18:05:00,82462,16257
2025-03-28 18:10:00,72920,13337
2025-03-28 18:15:00,73558,14165
2025-03-28 18:20:00,73237,13892
2025-03-28 18:25:00,69924,12964
2025-03-28 18:30:00,72998,13091
2025-03-28 18:35:00,69823,12731
2025-03-28 18:40:00,74167,13608
2025-03-28 18:45:00,85066,17116
2025-03-28 18:50:00,72889,14269
2025-03-28 18:55:00,70220,13051
2025-03-28 19:00:00,72659,13313
2025-03-28 19:05:00,70333,12869
2025-03-28 19:10:00,72858,13796
2025-03-28 19:15:00,85563,17191
2025-03-28 19:20:00,73442,13549
2025-03-28 19:25:00,73624,14341
2025-03-28 19:30:00,73573,14208
2025-03-28 19:35:00,70804,12677
2025-03-28 19:40:00,74036,13602
2025-03-28 19:45:00,73003,13783
2025-03-28 19:50:00,85844,17170
2025-03-28 19:55:00,69849,13114
2025-03-28 20:00:00,73140,13238
2025-03-28 20:05:00,68225,12463
2025-03-28 20:10:00,69994,12963
2025-03-28 20:15:00,69820,12999
2025-03-28 20:20:00,70062,12831
2025-03-28 20:25:00,79083,15875
2025-03-28 20:30:00,69398,12302
2025-03-28 20:35:00,67111,11963
2025-03-28 20:40:00,70543,12942
2025-03-28 20:45:00,69901,12976
2025-03-28 20:50:00,69809,12179
2025-03-28 20:55:00,78738,15484
2025-03-28 21:00:00,69930,12720
2025-03-28 21:05:00,66924,12046
2025-03-28 21:10:00,69800,12616
2025-03-28 21:15:00,69856,13261
2025-03-28 21:20:00,69852,12934
2025-03-28 21:25:00,67310,14022
2025-03-28 21:30:00,81521,15837
2025-03-28 21:35:00,66950,12559
2025-03-28 21:40:00,73965,13388
2025-03-28 21:45:00,70018,13390
2025-03-28 21:50:00,69631,12409
2025-03-28 21:55:00,67034,12113
2025-03-28 22:00:00,69234,12685
2025-03-28 22:05:00,79585,15659
2025-03-28 22:10:00,69607,12680
2025-03-28 22:15:00,70298,13258
2025-03-28 22:20:00,69935,12852
2025-03-28 22:25:00,66500,12290
2025-03-28 22:30:00,69913,12591
2025-03-28 22:35:00,78707,15486
2025-03-28 22:40:00,70742,12907
2025-03-28 22:45:00,69320,12700
2025-03-28 22:50:00,69615,12790
2025-03-28 22:55:00,66740,12270
2025-03-28 23:00:00,69699,12638
2025-03-28 23:05:00,79430,15720
2025-03-28 23:10:00,71742,13237
2025-03-28 23:15:00,70001,13207
2025-03-28 23:20:00,69729,13096
2025-03-28 23:25:00,66650,12359
2025-03-28 23:30:00,69729,12665
2025-03-28 23:35:00,67251,12520
2025-03-28 23:40:00,82733,16245
2025-03-28 23:45:00,69818,13263
2025-03-28 23:50:00,69761,12578
2025-03-28 23:55:00,66786,12356
2025-03-29 00:00:00,69487,12605
2025-03-29 00:05:00,66900,12162
2025-03-29 00:10:00,69742,13244
2025-03-29 00:15:00,82377,17018
2025-03-29 00:20:00,69776,12987
2025-03-29 00:25:00,67000,12300
2025-03-29 00:30:00,69692,12736
2025-03-29 00:35:00,66847,12128
2025-03-29 00:40:00,71107,12532
2025-03-29 00:45:00,81261,16021
2025-03-29 00:50:00,68121,11326
2025-03-29 00:55:00,65858,11469
2025-03-29 01:00:00,68538,11783
2025-03-29 01:05:00,65888,11106
2025-03-29 01:10:00,68652,11804
2025-03-29 01:15:00,65823,11097
2025-03-29 01:20:00,81033,15214
2025-03-29 01:25:00,65213,11175
2025-03-29 01:30:00,68587,11532
2025-03-29 01:35:00,65790,11130
2025-03-29 01:40:00,69949,11725
2025-03-29 01:45:00,65460,10983
2025-03-29 01:50:00,68605,11807
2025-03-29 01:55:00,77734,14777
2025-03-29 02:00:00,68641,11639
2025-03-29 02:05:00,66084,10968
2025-03-29 02:10:00,68292,11749
2025-03-29 02:15:00,66052,11276
2025-03-29 02:20:00,68754,11946
2025-03-29 02:25:00,78070,14817
2025-03-29 02:30:00,68452,11746
2025-03-29 02:35:00,66276,11067
2025-03-29 02:40:00,69182,11861
2025-03-29 02:45:00,65616,11158
2025-03-29 02:50:00,68661,11666
2025-03-29 02:55:00,65549,11417
2025-03-29 03:00:00,80080,14774
2025-03-29 03:05:00,65700,11182
2025-03-29 03:10:00,68848,11815
2025-03-29 03:15:00,68149,11369
2025-03-29 03:20:00,68898,11832
2025-03-29 03:25:00,65378,11137
2025-03-29 03:30:00,68378,11481
2025-03-29 03:35:00,78280,14466
2025-03-29 03:40:00,77656,12204
2025-03-29 03:45:00,65836,11382
2025-03-29 03:50:00,68277,11925
2025-03-29 03:55:00,65693,11379
2025-03-29 04:00:00,68609,11792
2025-03-29 04:05:00,77532,14415
2025-03-29 04:10:00,68680,11822
2025-03-29 04:15:00,65942,11006
2025-03-29 04:20:00,68574,11798
2025-03-29 04:25:00,65687,11139
2025-03-29 04:30:00,68960,11595
2025-03-29 04:35:00,65790,11145
2025-03-29 04:40:00,69522,11807
2025-03-29 04:45:00,77915,14624
2025-03-29 04:50:00,68771,11399
2025-03-29 04:55:00,65481,11206
2025-03-29 05:00:00,68673,11558
2025-03-29 05:05:00,65688,12797
2025-03-29 05:10:00,68582,12028
2025-03-29 05:15:00,66099,11018
2025-03-29 05:20:00,80487,15277
2025-03-29 05:25:00,65882,11073
2025-03-29 05:30:00,68369,11332
2025-03-29 05:35:00,65622,11213
2025-03-29 05:40:00,70176,11771
2025-03-29 05:45:00,65669,11340
2025-03-29 05:50:00,80710,14997
2025-03-29 05:55:00,65465,11253
2025-03-29 06:00:00,68578,11670
2025-03-29 06:05:00,65796,11046
2025-03-29 06:10:00,68653,11580
2025-03-29 06:15:00,65817,11018
2025-03-29 06:20:00,68617,12143
2025-03-29 06:25:00,77883,14720
2025-03-29 06:30:00,68804,11477
2025-03-29 06:35:00,65739,11131
2025-03-29 06:40:00,69715,11648
2025-03-29 06:45:00,65940,11062
2025-03-29 06:50:00,68321,11510
2025-03-29 06:55:00,65377,11092
2025-03-29 07:00:00,80681,15260
2025-03-29 07:05:00,66096,11406
2025-03-29 07:10:00,67981,11489
2025-03-29 07:15:00,66218,11263
2025-03-29 07:20:00,68588,11991
2025-03-29 07:25:00,65629,11222
2025-03-29 07:30:00,80673,15170
2025-03-29 07:35:00,66422,11481
2025-03-29 07:40:00,69570,11626
2025-03-29 07:45:00,65347,10988
2025-03-29 07:50:00,68661,11497
2025-03-29 07:55:00,65310,10975
2025-03-29 08:00:00,68664,11525
2025-03-29 08:05:00,77837,14458
2025-03-29 08:10:00,68883,11765
2025-03-29 08:15:00,67291,11794
2025-03-29 08:20:00,69263,12129
2025-03-29 08:25:00,65759,11303
2025-03-29 08:30:00,68402,11516
2025-03-29 08:35:00,65656,10917
2025-03-29 08:40:00,81901,15296
2025-03-29 08:45:00,65646,11276
2025-03-29 08:50:00,68728,11569
2025-03-29 08:55:00,65423,11378
2025-03-29 09:00:00,68636,11709
2025-03-29 09:05:00,66087,11072
2025-03-29 09:10:00,80773,15162
2025-03-29 09:15:00,65584,11171
2025-03-29 09:20:00,68774,12150
2025-03-29 09:25:00,65951,11538
2025-03-29 09:30:00,68156,11603
2025-03-29 09:35:00,65718,11139
2025-03-29 09:40:00,69570,11785
2025-03-29 09:45:00,65897,11215
2025-03-29 09:50:00,80726,15035
2025-03-29 09:55:00,65310,11162
2025-03-29 10:00:00,68494,11382
2025-03-29 10:05:00,65852,11132
2025-03-29 10:10:00,69005,11800
2025-03-29 10:15:00,65816,11202
2025-03-29 10:20:00,71716,14826
2025-03-29 10:25:00,78186,12009
2025-03-29 10:30:00,68376,11612
2025-03-29 10:35:00,65853,10919
2025-03-29 10:40:00,69731,11957
2025-03-29 10:45:00,67671,11260
2025-03-29 10:50:00,68187,11429
2025-03-29 10:55:00,77521,14590
2025-03-29 11:00:00,68731,11613
2025-03-29 11:05:00,65962,11837
2025-03-29 11:10:00,68683,11693
2025-03-29 11:15:00,66069,11251
2025-03-29 11:20:00,67916,11745
2025-03-29 11:25:00,66005,11401
2025-03-29 11:30:00,80669,15258
2025-03-29 11:35:00,65694,11356
2025-03-29 11:40:00,69714,11823
2025-03-29 11:45:00,65590,10911
2025-03-29 11:50:00,68376,11317
2025-03-29 11:55:00,65819,11199
2025-03-29 12:00:00,68698,12096
2025-03-29 12:05:00,77709,14513
2025-03-29 12:10:00,68711,11661
2025-03-29 12:15:00,65766,11309
2025-03-29 12:20:00,68613,11683
2025-03-29 12:25:00,65539,11279
2025-03-29 12:30:00,68453,11538
2025-03-29 12:35:00,78179,14468
2025-03-29 12:40:00,69509,11590
2025-03-29 12:45:00,66460,11505
2025-03-29 12:50:00,68072,11726
2025-03-29 12:55:00,65398,11095
2025-03-29 13:00:00,68675,11367
2025-03-29 13:05:00,65732,11307
2025-03-29 13:10:00,80807,15090
2025-03-29 13:15:00,66408,11149
2025-03-29 13:20:00,68414,12050
2025-03-29 13:25:00,65587,11350
2025-03-29 13:30:00,68239,11556
2025-03-29 13:35:00,66175,11092
2025-03-29 13:40:00,77759,12380
2025-03-29 13:45:00,78158,14735
2025-03-29 13:50:00,68365,11886
2025-03-29 13:55:00,65447,11679
2025-03-29 14:00:00,68624,11740
2025-03-29 14:05:00,66513,11394
2025-03-29 14:10:00,70628,12045
2025-03-29 14:15:00,65753,10946
2025-03-29 14:20:00,80738,15283
2025-03-29 14:25:00,65628,11136
2025-03-29 14:30:00,68571,11626
2025-03-29 14:35:00,65807,11142
2025-03-29 14:40:00,69807,12143
2025-03-29 14:45:00,65831,11188
2025-03-29 14:50:00,68922,11716
2025-03-29 14:55:00,77523,14347
2025-03-29 15:00:00,68810,11805
2025-03-29 15:05:00,65433,11076
2025-03-29 15:10:00,68916,12208
2025-03-29 15:15:00,65867,11140
2025-03-29 15:20:00,68757,12231
2025-03-29 15:25:00,77977,14649
2025-03-29 15:30:00,68280,11603
2025-03-29 15:35:00,65799,11119
2025-03-29 15:40:00,69909,11955
2025-03-29 15:45:00,65707,11187
2025-03-29 15:50:00,68776,11561
2025-03-29 15:55:00,65631,11211
2025-03-29 16:00:00,80948,15192
2025-03-29 16:05:00,65703,11022
2025-03-29 16:10:00,68486,11789
2025-03-29 16:15:00,65959,11329
2025-03-29 16:20:00,68866,12243
2025-03-29 16:25:00,65320,11119
2025-03-29 16:30:00,68547,11630
2025-03-29 16:35:00,78146,14544
2025-03-29 16:40:00,69625,11698
2025-03-29 16:45:00,65767,10960
2025-03-29 16:50:00,68404,11406
2025-03-29 16:55:00,65697,11270
2025-03-29 17:00:00,68787,11669
2025-03-29 17:05:00,65522,12610
2025-03-29 17:10:00,81368,15288
2025-03-29 17:15:00,65852,11196
2025-03-29 17:20:00,68613,11787
2025-03-29 17:25:00,65332,11161
2025-03-29 17:30:00,68908,11959
2025-03-29 17:35:00,66143,11510
2025-03-29 17:40:00,69403,11610
2025-03-29 17:45:00,78040,14437
2025-03-29 17:50:00,68698,11574
2025-03-29 17:55:00,65375,11376
2025-03-29 18:00:00,68548,11873
2025-03-29 18:05:00,65674,11231
2025-03-29 18:10:00,68730,11756
2025-03-29 18:15:00,66350,11378
2025-03-29 18:20:00,82620,15943
2025-03-29 18:25:00,66074,11501
2025-03-29 18:30:00,68435,11238
2025-03-29 18:35:00,65748,11247
2025-03-29 18:40:00,70002,13663
2025-03-29 18:45:00,65557,11126
2025-03-29 18:50:00,72116,14528
2025-03-29 18:55:00,73839,11820
2025-03-29 19:00:00,68492,11437
2025-03-29 19:05:00,65821,11142
2025-03-29 19:10:00,68936,11852
2025-03-29 19:15:00,65697,11012
2025-03-29 19:20:00,68804,11963
2025-03-29 19:25:00,65560,11069
2025-03-29 19:30:00,81003,15046
2025-03-29 19:35:00,65743,11042
2025-03-29 19:40:00,69318,11556
2025-03-29 19:45:00,65987,11210
2025-03-29 19:50:00,68334,11317
2025-03-29 19:55:00,65241,11000
2025-03-29 20:00:00,68833,11347
2025-03-29 20:05:00,77810,14496
2025-03-29 20:10:00,68398,11966
2025-03-29 20:15:00,66125,11131
2025-03-29 20:20:00,68809,11799
2025-03-29 20:25:00,65709,11017
2025-03-29 20:30:00,68388,11271
2025-03-29 20:35:00,77912,14617
2025-03-29 20:40:00,69804,11731
2025-03-29 20:45:00,65621,11189
2025-03-29 20:50:00,68467,11697
2025-03-29 20:55:00,65491,11010
2025-03-29 21:00:00,68670,11802
2025-03-29 21:05:00,65644,11270
2025-03-29 21:10:00,81370,15176
2025-03-29 21:15:00,66036,11133
2025-03-29 21:20:00,68270,11929
2025-03-29 21:25:00,65833,11391
2025-03-29 21:30:00,68481,11476
2025-03-29 21:35:00,65794,10874
2025-03-29 21:40:00,82057,15154
2025-03-29 21:45:00,65735,10955
2025-03-29 21:50:00,68663,11533
2025-03-29 21:55:00,65239,10974
2025-03-29 22:00:00,68653,11534
2025-03-29 22:05:00,65541,11259
2025-03-29 22:10:00,68959,11758
2025-03-29 22:15:00,77751,14475
2025-03-29 22:20:00,69132,11806
2025-03-29 22:25:00,65257,11232
2025-03-29 22:30:00,68798,11911
2025-03-29 22:35:00,65583,11118
2025-03-29 22:40:00,69867,11831
2025-03-29 22:45:00,78011,14502
2025-03-29 22:50:00,68451,11335
2025-03-29 22:55:00,65458,11119
2025-03-29 23:00:00,68439,11738
2025-03-29 23:05:00,66049,11012
2025-03-29 23:10:00,68900,11583
2025-03-29 23:15:00,77686,14374
2025-03-29 23:20:00,69156,12171
2025-03-29 23:25:00,65238,11272
2025-03-29 23:30:00,68968,11850
2025-03-29 23:35:00,65459,11239
2025-03-29 23:40:00,77850,12575
2025-03-29 23:45:00,65808,10967
2025-03-29 23:50:00,80569,15307
2025-03-29 23:55:00,66275,11277
2025-03-30 00:00:00,69645,11939
2025-03-30 00:05:00,65886,11275
2025-03-30 00:10:00,68810,11705
2025-03-30 00:15:00,67525,11164
2025-03-30 00:20:00,70071,12229
2025-03-30 00:25:00,77850,14626
2025-03-30 00:30:00,68390,11437
2025-03-30 00:35:00,65867,11092
2025-03-30 00:40:00,70478,11923
2025-03-30 00:45:00,65577,11167
2025-03-30 00:50:00,68703,11695
2025-03-30 00:55:00,65653,11137
2025-03-30 01:00:00,80568,14724
2025-03-30 01:05:00,66320,11705
2025-03-30 01:10:00,69271,12072
2025-03-30 01:15:00,66472,11175
2025-03-30 01:20:00,67873,11937
2025-03-30 01:25:00,65980,11190
2025-03-30 01:30:00,73818,14117
2025-03-30 01:35:00,77741,14549
2025-03-30 01:40:00,69952,11823
2025-03-30 01:45:00,65808,11811
2025-03-30 01:50:00,68494,11453
2025-03-30 01:55:00,65586,11338
2025-03-30 02:00:00,69171,11910
2025-03-30 02:05:00,78548,14843
2025-03-30 02:10:00,68830,11768
2025-03-30 02:15:00,65980,11144
2025-03-30 02:20:00,68485,11596
2025-03-30 02:25:00,65738,11249
2025-03-30 02:30:00,68911,11637
2025-03-30 02:35:00,65645,11067
2025-03-30 02:40:00,81551,15361
2025-03-30 02:45:00,65589,11197
2025-03-30 02:50:00,68810,11681
2025-03-30 02:55:00,65892,11272
2025-03-30 04:00:00,68041,11396
2025-03-30 04:05:00,65962,11060
2025-03-30 04:10:00,68729,11366
2025-03-30 04:15:00,77839,14272
2025-03-30 04:20:00,68700,11830
2025-03-30 04:25:00,65789,11239
2025-03-30 04:30:00,68805,11640
2025-03-30 04:35:00,66199,11630
2025-03-30 04:40:00,70012,11478
2025-03-30 04:45:00,65391,11147
2025-03-30 04:50:00,80623,15021
2025-03-30 04:55:00,65526,10867
2025-03-30 05:00:00,68283,11312
2025-03-30 05:05:00,65577,10994
2025-03-30 05:10:00,68386,11628
2025-03-30 05:15:00,65860,11345
2025-03-30 05:20:00,68694,12017
2025-03-30 05:25:00,77719,14644
2025-03-30 05:30:00,68698,11860
2025-03-30 05:35:00,65838,10968
2025-03-30 05:40:00,69497,11960
2025-03-30 05:45:00,65820,11054
2025-03-30 05:50:00,68642,11416
2025-03-30 05:55:00,67128,11692
2025-03-30 06:00:00,68946,11527
2025-03-30 06:05:00,77804,17305
2025-03-30 06:10:00,68963,11951
2025-03-30 06:15:00,65696,11145
2025-03-30 06:20:00,68615,11792
2025-03-30 06:25:00,66303,11691
2025-03-30 06:30:00,68425,11599
2025-03-30 06:35:00,77912,14501
2025-03-30 06:40:00,69673,11881
2025-03-30 06:45:00,65918,11114
2025-03-30 06:50:00,68306,11492
2025-03-30 06:55:00,65907,11370
2025-03-30 07:00:00,68290,11448
2025-03-30 07:05:00,65739,11136
2025-03-30 07:10:00,80707,15035
2025-03-30 07:15:00,66136,11409
2025-03-30 07:20:00,68564,11987
2025-03-30 07:25:00,65788,11000
2025-03-30 07:30:00,68360,11339
2025-03-30 07:35:00,65935,11301
2025-03-30 07:40:00,67022,11687
2025-03-30 07:45:00,74524,14507
2025-03-30 07:50:00,68738,11565
2025-03-30 07:55:00,65399,11039
2025-03-30 08:00:00,68286,11498
2025-03-30 08:05:00,65950,11143
2025-03-30 08:10:00,68752,12013
2025-03-30 08:15:00,65938,11124
2025-03-30 08:20:00,80657,15295
2025-03-30 08:25:00,65904,11209
2025-03-30 08:30:00,68384,11958
2025-03-30 08:35:00,65866,11043
2025-03-30 08:40:00,69468,11967
2025-03-30 08:45:00,65824,11153
2025-03-30 08:50:00,68549,11498
2025-03-30 08:55:00,77946,14705
2025-03-30 09:00:00,68533,11810
2025-03-30 09:05:00,65658,11182
2025-03-30 09:10:00,68751,11782
2025-03-30 09:15:00,65598,10941
2025-03-30 09:20:00,68791,11872
2025-03-30 09:25:00,77308,14528
2025-03-30 09:30:00,68906,11736
2025-03-30 09:35:00,65745,10882
2025-03-30 09:40:00,69213,11615
2025-03-30 09:45:00,65761,11170
2025-03-30 09:50:00,68566,11365
2025-03-30 09:55:00,77920,14752
2025-03-30 10:00:00,68599,11609
2025-03-30 10:05:00,65757,11362
2025-03-30 10:10:00,69136,11406
2025-03-30 10:15:00,65727,11136
2025-03-30 10:20:00,68908,12167
2025-03-30 10:25:00,65644,11347
2025-03-30 10:30:00,80887,15074
2025-03-30 10:35:00,65745,11079
2025-03-30 10:40:00,77667,12337
2025-03-30 10:45:00,65659,10941
2025-03-30 10:50:00,68628,11500
2025-03-30 10:55:00,65526,11130
2025-03-30 11:00:00,68839,11942
2025-03-30 11:05:00,77787,14501
2025-03-30 11:10:00,69811,12631
2025-03-30 11:15:00,66653,11265
2025-03-30 11:20:00,69021,12080
2025-03-30 11:25:00,65398,10912
2025-03-30 11:30:00,68371,11701
2025-03-30 11:35:00,65848,11101
2025-03-30 11:40:00,81703,14956
2025-03-30 11:45:00,65827,11439
2025-03-30 11:50:00,68447,11875
2025-03-30 11:55:00,65606,11334
2025-03-30 12:00:00,68642,11327
2025-03-30 12:05:00,65675,11249
2025-03-30 12:10:00,81127,15583
2025-03-30 12:15:00,65653,11031
2025-03-30 12:20:00,68715,11620
2025-03-30 12:25:00,65854,11102
2025-03-30 12:30:00,68675,11607
2025-03-30 12:35:00,65586,10872
2025-03-30 12:40:00,69403,11548
2025-03-30 12:45:00,77800,14524
2025-03-30 12:50:00,68761,11552
2025-03-30 12:55:00,65766,11090
2025-03-30 13:00:00,68427,11686
2025-03-30 13:05:00,65930,11136
2025-03-30 13:10:00,68602,11714
2025-03-30 13:15:00,65921,11153
2025-03-30 13:20:00,80516,15205
2025-03-30 13:25:00,65448,11068
2025-03-30 13:30:00,68543,11628
2025-03-30 13:35:00,66015,11040
2025-03-30 13:40:00,69663,12096
2025-03-30 13:45:00,65940,11261
2025-03-30 13:50:00,68580,11665
2025-03-30 13:55:00,77581,14562
2025-03-30 14:00:00,68285,11817
2025-03-30 14:05:00,65711,11038
2025-03-30 14:10:00,69200,11633
2025-03-30 14:15:00,65824,11195
2025-03-30 14:20:00,68704,11771
2025-03-30 14:25:00,77810,14781
2025-03-30 14:30:00,68870,11424
2025-03-30 14:35:00,65957,11381
2025-03-30 14:40:00,69929,12052
2025-03-30 14:45:00,66313,11316
2025-03-30 14:50:00,71143,11738
2025-03-30 14:55:00,65677,11133
2025-03-30 15:00:00,80496,14989
2025-03-30 15:05:00,65673,11204
2025-03-30 15:10:00,69490,11806
2025-03-30 15:15:00,66074,11194
2025-03-30 15:20:00,68426,12151
2025-03-30 15:25:00,66160,11391
2025-03-30 15:30:00,68226,11265
2025-03-30 15:35:00,78374,14705
2025-03-30 15:40:00,69705,11766
2025-03-30 15:45:00,66038,11000
2025-03-30 15:50:00,68183,11612
2025-03-30 15:55:00,65711,11230
2025-03-30 16:00:00,68389,11474
2025-03-30 16:05:00,66401,11060
2025-03-30 16:10:00,81743,15758
2025-03-30 16:15:00,66695,11067
2025-03-30 16:20:00,68626,11548
2025-03-30 16:25:00,65625,11117
2025-03-30 16:30:00,68738,11750
2025-03-30 16:35:00,66006,11085
2025-03-30 16:40:00,82033,15168
2025-03-30 16:45:00,65576,11295
2025-03-30 16:50:00,68712,11741
2025-03-30 16:55:00,65455,11074
2025-03-30 17:00:00,68677,11456
2025-03-30 17:05:00,65435,10967
2025-03-30 17:10:00,81050,15306
2025-03-30 17:15:00,65855,11033
2025-03-30 17:20:00,68657,12015
2025-03-30 17:25:00,65785,11515
2025-03-30 17:30:00,68134,11507
2025-03-30 17:35:00,66135,11048
2025-03-30 17:40:00,69390,11614
2025-03-30 17:45:00,78126,14395
2025-03-30 17:50:00,68815,11484
2025-03-30 17:55:00,65103,11117
2025-03-30 18:00:00,68702,11424
2025-03-30 18:05:00,65820,12676
2025-03-30 18:10:00,68792,11579
2025-03-30 18:15:00,65570,11064
2025-03-30 18:20:00,80861,15467
2025-03-30 18:25:00,65971,11309
2025-03-30 18:30:00,68509,11718
2025-03-30 18:35:00,66317,11602
2025-03-30 18:40:00,69762,11688
2025-03-30 18:45:00,65507,11055
2025-03-30 18:50:00,68426,11634
2025-03-30 18:55:00,72250,14395
2025-03-30 19:00:00,74257,12023
2025-03-30 19:05:00,65864,11229
2025-03-30 19:10:00,68513,11518
2025-03-30 19:15:00,66214,11894
2025-03-30 19:20:00,68375,11944
2025-03-30 19:25:00,65759,11393
2025-03-30 19:30:00,80865,15063
2025-03-30 19:35:00,65622,11049
2025-03-30 19:40:00,69500,11756
2025-03-30 19:45:00,65842,11133
2025-03-30 19:50:00,68580,11519
2025-03-30 19:55:00,65635,11346
2025-03-30 20:00:00,68922,11921
2025-03-30 20:05:00,77758,14385
2025-03-30 20:10:00,68625,11993
2025-03-30 20:15:00,66165,10964
2025-03-30 20:20:00,68582,12109
2025-03-30 20:25:00,65703,11302
2025-03-30 20:30:00,68707,11842
2025-03-30 20:35:00,65864,11012
2025-03-30 20:40:00,90229,15993
2025-03-30 20:45:00,65374,11027
2025-03-30 20:50:00,68685,11513
2025-03-30 20:55:00,65633,11392
2025-03-30 21:00:00,68458,11539
2025-03-30 21:05:00,65961,11486
2025-03-30 21:10:00,68552,11603
2025-03-30 21:15:00,78263,14808
2025-03-30 21:20:00,68547,11798
2025-03-30 21:25:00,65655,11022
2025-03-30 21:30:00,68659,11676
2025-03-30 21:35:00,65615,10989
2025-03-30 21:40:00,69760,11828
2025-03-30 21:45:00,65354,11030
2025-03-30 21:50:00,80896,14922
2025-03-30 21:55:00,66188,11521
2025-03-30 22:00:00,69854,12298
2025-03-30 22:05:00,65598,11051
2025-03-30 22:10:00,68662,11650
2025-03-30 22:15:00,66059,11254
2025-03-30 22:20:00,69710,13463
2025-03-30 22:25:00,76786,13294
2025-03-30 22:30:00,68961,11636
2025-03-30 22:35:00,65951,11717
2025-03-30 22:40:00,69716,11551
2025-03-30 22:45:00,65662,11226
2025-03-30 22:50:00,68545,11333
2025-03-30 22:55:00,77711,14939
2025-03-30 23:00:00,68820,11567
2025-03-30 23:05:00,65694,11272
2025-03-30 23:10:00,68660,11876
2025-03-30 23:15:00,65723,11410
2025-03-30 23:20:00,68647,12145
2025-03-30 23:25:00,65899,11149
2025-03-30 23:30:00,80712,14626
2025-03-30 23:35:00,66048,11158
2025-03-30 23:40:00,69518,11867
2025-03-30 23:45:00,65660,11390
2025-03-30 23:50:00,68698,11696
2025-03-30 23:55:00,65559,11552
2025-03-31 00:00:00,80719,15149
2025-03-31 00:05:00,65594,11385
2025-03-31 00:10:00,68614,11833
2025-03-31 00:15:00,65934,11064
2025-03-31 00:20:00,68811,12109
2025-03-31 00:25:00,65850,11541
2025-03-31 00:30:00,68784,11727
2025-03-31 00:35:00,78412,14798
2025-03-31 00:40:00,69733,11592
2025-03-31 00:45:00,66233,11162
2025-03-31 00:50:00,68147,11488
2025-03-31 00:55:00,66208,12098
2025-03-31 01:00:00,68420,11392
2025-03-31 01:05:00,78208,14478
2025-03-31 01:10:00,68555,11755
2025-03-31 01:15:00,66188,11063
2025-03-31 01:20:00,68438,11827
2025-03-31 01:25:00,65726,11431
2025-03-31 01:30:00,68572,11702
2025-03-31 01:35:00,65620,11033
2025-03-31 01:40:00,82108,15166
2025-03-31 01:45:00,65873,11736
2025-03-31 01:50:00,68513,11409
2025-03-31 01:55:00,65190,11173
2025-03-31 02:00:00,68507,11386
2025-03-31 02:05:00,65716,11314
2025-03-31 02:10:00,69115,11808
2025-03-31 02:15:00,79700,15036
2025-03-31 02:20:00,68694,11770
2025-03-31 02:25:00,65598,11268
2025-03-31 02:30:00,68909,11742
2025-03-31 02:35:00,65792,11186
2025-03-31 02:40:00,69595,11487
2025-03-31 02:45:00,78043,14495
2025-03-31 02:50:00,68641,11707
2025-03-31 02:55:00,65336,11164
2025-03-31 03:00:00,68728,11594
2025-03-31 03:05:00,65699,11171
2025-03-31 03:10:00,68491,11754
2025-03-31 03:15:00,66067,11073
2025-03-31 03:20:00,80779,15411
2025-03-31 03:25:00,66015,11284
2025-03-31 03:30:00,68241,11883
2025-03-31 03:35:00,2850878,2909578
2025-03-31 03:40:00,617529,583796
2025-03-31 03:45:00,65728,11134
2025-03-31 03:50:00,68719,11603
2025-03-31 03:55:00,77695,14518
2025-03-31 04:00:00,68416,11363
2025-03-31 04:05:00,65873,11074
2025-03-31 04:10:00,68931,11541
2025-03-31 04:15:00,65660,11185
2025-03-31 04:20:00,68860,12014
2025-03-31 04:25:00,65984,11342
2025-03-31 04:30:00,80514,15030
2025-03-31 04:35:00,65915,11186
2025-03-31 04:40:00,69977,11507
2025-03-31 04:45:00,66026,11065
2025-03-31 04:50:00,68298,11730
2025-03-31 04:55:00,69089,11619
2025-03-31 05:00:00,68695,11658
2025-03-31 05:05:00,77928,14548
2025-03-31 05:10:00,68839,11784
2025-03-31 05:15:00,66101,11043
2025-03-31 05:20:00,68922,12059
2025-03-31 05:25:00,65846,11701
2025-03-31 05:30:00,68715,11689
2025-03-31 05:35:00,65672,10894
2025-03-31 05:40:00,73844,14572
2025-03-31 05:45:00,73799,11410
2025-03-31 05:50:00,68289,11633
2025-03-31 05:55:00,65509,11297
2025-03-31 06:00:00,68234,11996
2025-03-31 06:05:00,66174,12739
2025-03-31 06:10:00,68437,11657
2025-03-31 06:15:00,78189,14613
2025-03-31 06:20:00,68540,11941
2025-03-31 06:25:00,65919,11058
2025-03-31 06:30:00,68482,13505
2025-03-31 06:35:00,65764,11031
2025-03-31 06:40:00,78220,12190
2025-03-31 06:45:00,65724,11080
2025-03-31 06:50:00,80670,15105
2025-03-31 06:55:00,65487,11149
2025-03-31 07:00:00,68565,11512
2025-03-31 07:05:00,65586,10968
2025-03-31 07:10:00,68598,11733
2025-03-31 07:15:00,66178,11257
2025-03-31 07:20:00,73145,14975
2025-03-31 07:25:00,73364,11717
2025-03-31 07:30:00,68449,11425
2025-03-31 07:35:00,65906,11102
2025-03-31 07:40:00,69712,11978
2025-03-31 07:45:00,67380,11518
2025-03-31 07:50:00,69556,11548
2025-03-31 07:55:00,77335,14821
2025-03-31 08:00:00,69069,12033
2025-03-31 08:05:00,66535,11323
2025-03-31 08:10:00,71485,12745
2025-03-31 08:15:00,68919,11893
2025-03-31 08:20:00,71501,12407
2025-03-31 08:25:00,68700,11997
2025-03-31 08:30:00,83826,15829
2025-03-31 08:35:00,179842,129309
2025-03-31 08:40:00,73269,13003
2025-03-31 08:45:00,69710,12984
2025-03-31 08:50:00,71922,12493
2025-03-31 08:55:00,68916,12266
2025-03-31 09:00:00,72179,12692
2025-03-31 09:05:00,82096,16338
2025-03-31 09:10:00,71627,12372
2025-03-31 09:15:00,69157,11961
2025-03-31 09:20:00,71732,13669
2025-03-31 09:25:00,68922,11848
2025-03-31 09:30:00,71853,12503
2025-03-31 09:35:00,68921,12056
2025-03-31 09:40:00,85786,16365
2025-03-31 09:45:00,68676,12185
2025-03-31 09:50:00,71662,12090
2025-03-31 09:55:00,68519,12156
2025-03-31 10:00:00,71902,12131
2025-03-31 10:05:00,69011,12648
2025-03-31 10:10:00,84119,16008
2025-03-31 10:15:00,68588,11832
2025-03-31 10:20:00,71478,13056
2025-03-31 10:25:00,69113,11969
2025-03-31 10:30:00,71678,12354
2025-03-31 10:35:00,69685,12537
2025-03-31 10:40:00,72794,12496
2025-03-31 10:45:00,81856,15423
2025-03-31 10:50:00,71857,12210
2025-03-31 10:55:00,69029,12117
2025-03-31 11:00:00,71719,12044
2025-03-31 11:05:00,69192,11975
2025-03-31 11:10:00,71564,12453
2025-03-31 11:15:00,69043,11806
2025-03-31 11:20:00,83753,15975
2025-03-31 11:25:00,68885,12358
2025-03-31 11:30:00,71902,12361
2025-03-31 11:35:00,68591,11879
2025-03-31 11:40:00,72956,12349
2025-03-31 11:45:00,69027,11626
2025-03-31 11:50:00,84131,15784
2025-03-31 11:55:00,68412,11911
2025-03-31 12:00:00,71589,12164
2025-03-31 12:05:00,68859,11974
2025-03-31 12:10:00,71669,12460
2025-03-31 12:15:00,69091,11737
2025-03-31 12:20:00,71998,12581
2025-03-31 12:25:00,80618,15302
2025-03-31 12:30:00,72226,14005
2025-03-31 12:35:00,68982,12159
2025-03-31 12:40:00,72785,12403
2025-03-31 12:45:00,68939,11879
2025-03-31 12:50:00,72109,12062
2025-03-31 12:55:00,68989,11762
2025-03-31 13:00:00,85539,17871
2025-03-31 13:05:00,69122,12024
2025-03-31 13:10:00,71707,12414
2025-03-31 13:15:00,320384,283118
2025-03-31 13:20:00,71985,13042
2025-03-31 13:25:00,69474,12279
2025-03-31 13:30:00,74680,13068
2025-03-31 13:35:00,81876,15742
2025-03-31 13:40:00,73390,12854
2025-03-31 13:45:00,71442,15890
2025-03-31 13:50:00,72714,12557
2025-03-31 13:55:00,68812,12105
2025-03-31 14:00:00,72905,12969
2025-03-31 14:05:00,69522,12308
2025-03-31 14:10:00,85171,16466
2025-03-31 14:15:00,71440,13251
2025-03-31 14:20:00,72297,14988
2025-03-31 14:25:00,5393049,5430883
2025-03-31 14:30:00,2010575,2018402
2025-03-31 14:35:00,69816,12295
2025-03-31 14:40:00,73366,12649
2025-03-31 14:45:00,1839602,1785030
2025-03-31 14:50:00,2001113,2012507
2025-03-31 14:55:00,68795,12060
2025-03-31 15:00:00,72392,12515
2025-03-31 15:05:00,68906,12264
2025-03-31 15:10:00,72636,12616
2025-03-31 15:15:00,83985,16422
2025-03-31 15:20:00,72217,12685
2025-03-31 15:25:00,69664,12907
2025-03-31 15:30:00,72365,12696
2025-03-31 15:35:00,69757,12133
2025-03-31 15:40:00,72978,12705
2025-03-31 15:45:00,71429,14597
2025-03-31 15:50:00,84627,16692
2025-03-31 15:55:00,68949,12123
2025-03-31 16:00:00,72875,12577
2025-03-31 16:05:00,69059,12137
2025-03-31 16:10:00,72179,12576
2025-03-31 16:15:00,71428,13185
2025-03-31 16:20:00,84924,16311
2025-03-31 16:25:00,69112,12373
2025-03-31 16:30:00,72581,13411
2025-03-31 16:35:00,69129,12082
2025-03-31 16:40:00,82378,13467
2025-03-31 16:45:00,71453,13101
2025-03-31 16:50:00,72411,13019
2025-03-31 16:55:00,81721,15662
2025-03-31 17:00:00,72360,12509
2025-03-31 17:05:00,69285,11895
2025-03-31 17:10:00,72243,12486
2025-03-31 17:15:00,71239,13083
2025-03-31 17:20:00,72260,13064
2025-03-31 17:25:00,84984,16113
2025-03-31 17:30:00,72440,12769
2025-03-31 17:35:00,69612,12713
2025-03-31 17:40:00,73722,12694
2025-03-31 17:45:00,71422,13193
2025-03-31 17:50:00,73627,12826
2025-03-31 17:55:00,69656,13259
2025-03-31 18:00:00,72071,12437
2025-03-31 18:05:00,81898,17295
2025-03-31 18:10:00,72421,12696
2025-03-31 18:15:00,71565,12981
2025-03-31 18:20:00,72463,12891
2025-03-31 18:25:00,69805,12222
2025-03-31 18:30:00,72797,12931
2025-03-31 18:35:00,81347,15587
2025-03-31 18:40:00,72711,12586
2025-03-31 18:45:00,73744,13480
2025-03-31 18:50:00,72556,12665
2025-03-31 18:55:00,69395,12625
2025-03-31 19:00:00,72194,12718
2025-03-31 19:05:00,69471,12392
2025-03-31 19:10:00,84376,16443
2025-03-31 19:15:00,71313,12957
2025-03-31 19:20:00,72024,14042
2025-03-31 19:25:00,69523,12687
2025-03-31 19:30:00,72134,13011
2025-03-31 19:35:00,69477,12480
2025-03-31 19:40:00,85759,16333
2025-03-31 19:45:00,71574,14402
2025-03-31 19:50:00,72254,13098
2025-03-31 19:55:00,69608,12240
2025-03-31 20:00:00,72058,12620
2025-03-31 20:05:00,67733,11768
2025-03-31 20:10:00,68935,12118
2025-03-31 20:15:00,80094,15672
2025-03-31 20:20:00,68925,11727
2025-03-31 20:25:00,65438,11124
2025-03-31 20:30:00,69079,11712
2025-03-31 20:35:00,67443,11825
2025-03-31 20:40:00,69632,11698
2025-03-31 20:45:00,68182,12017
2025-03-31 20:50:00,80761,15008
2025-03-31 20:55:00,66045,11290
2025-03-31 21:00:00,68433,12443
2025-03-31 21:05:00,65971,11292
2025-03-31 21:10:00,68671,11451
2025-03-31 21:15:00,68287,12422
2025-03-31 21:20:00,80661,15155
2025-03-31 21:25:00,65764,11360
2025-03-31 21:30:00,69017,11709
2025-03-31 21:35:00,65846,10957
2025-03-31 21:40:00,69937,11593
2025-03-31 21:45:00,67854,11994
2025-03-31 21:50:00,68653,11542
2025-03-31 21:55:00,78458,14593
2025-03-31 22:00:00,68663,11460
2025-03-31 22:05:00,65684,11243
2025-03-31 22:10:00,69041,11872
2025-03-31 22:15:00,67909,12225
2025-03-31 22:20:00,68625,11881
2025-03-31 22:25:00,65828,11116
2025-03-31 22:30:00,81096,15170
2025-03-31 22:35:00,66217,11300
2025-03-31 22:40:00,69563,11968
2025-03-31 22:45:00,67725,12125
2025-03-31 22:50:00,68384,11466
2025-03-31 22:55:00,65392,11174
2025-03-31 23:00:00,81198,15214
2025-03-31 23:05:00,66133,11484
2025-03-31 23:10:00,68473,11714
2025-03-31 23:15:00,68091,12136
2025-03-31 23:20:00,68717,11867
2025-03-31 23:25:00,65752,11082
2025-03-31 23:30:00,68928,11783
2025-03-31 23:35:00,77906,14670
2025-03-31 23:40:00,116369,35576
2025-03-31 23:45:00,64896,10029
2025-03-31 23:50:00,67761,10507
2025-03-31 23:55:00,64845,10341
2025-04-01 00:00:00,67975,10979
2025-04-01 00:05:00,77305,13720
2025-04-01 00:10:00,69549,12086
2025-04-01 00:15:00,65426,10028
2025-04-01 00:20:00,67434,11158
2025-04-01 00:25:00,64856,10454
2025-04-01 00:30:00,68009,11018
2025-04-01 00:35:00,77390,13763
2025-04-01 00:40:00,70194,11813
2025-04-01 00:45:00,65568,10107
2025-04-01 00:50:00,67690,10643
2025-04-01 00:55:00,64819,10288
2025-04-01 01:00:00,67580,10553
2025-04-01 01:05:00,66141,10514
2025-04-01 01:10:00,79880,14198
2025-04-01 01:15:00,69691,11193
2025-04-01 01:20:00,68311,11224
2025-04-01 01:25:00,64918,10298
2025-04-01 01:30:00,67832,10498
2025-04-01 01:35:00,64998,10054
2025-04-01 01:40:00,68642,11161
2025-04-01 01:45:00,77078,13471
2025-04-01 01:50:00,67695,11018
2025-04-01 01:55:00,65821,10955
2025-04-01 02:00:00,67965,10723
2025-04-01 02:05:00,64631,10226
2025-04-01 02:10:00,67941,10943
2025-04-01 02:15:00,64933,9941
2025-04-01 02:20:00,79855,14583
2025-04-01 02:25:00,65016,10250
2025-04-01 02:30:00,67288,10669
2025-04-01 02:35:00,64983,10036
2025-04-01 02:40:00,76995,11541
2025-04-01 02:45:00,65363,10374
2025-04-01 02:50:00,69609,13610
2025-04-01 02:55:00,74545,10625
2025-04-01 03:00:00,67252,10198
2025-04-01 03:05:00,64810,10407
2025-04-01 03:10:00,67658,10663
2025-04-01 03:15:00,65310,10273
2025-04-01 03:20:00,67470,10836
2025-04-01 03:25:00,77003,13485
2025-04-01 03:30:00,67758,10575
2025-04-01 03:35:00,65099,10129
2025-04-01 03:40:00,68904,11644
2025-04-01 03:45:00,64882,10119
2025-04-01 03:50:00,67724,10541
2025-04-01 03:55:00,64448,10191
2025-04-01 04:00:00,80230,14166
2025-04-01 04:05:00,64795,11219
2025-04-01 04:10:00,67781,10442
2025-04-01 04:15:00,64900,10110
2025-04-01 04:20:00,67666,10730
2025-04-01 04:25:00,64712,10232
2025-04-01 04:30:00,67842,10828
2025-04-01 04:35:00,77701,13829
2025-04-01 04:40:00,68746,10663
2025-04-01 04:45:00,64830,10129
2025-04-01 04:50:00,67589,10549
2025-04-01 04:55:00,64857,10335
2025-04-01 05:00:00,67246,10448
2025-04-01 05:05:00,65195,10123
2025-04-01 05:10:00,79256,14109
2025-04-01 05:15:00,65354,10198
2025-04-01 05:20:00,67421,10955
2025-04-01 05:25:00,64745,10161
2025-04-01 05:30:00,67796,10482
2025-04-01 05:35:00,65060,10074
2025-04-01 05:40:00,81154,14089
2025-04-01 05:45:00,64823,10157
2025-04-01 05:50:00,67666,10608
2025-04-01 05:55:00,64707,10190
2025-04-01 06:00:00,68883,13133
2025-04-01 06:05:00,65486,11734
2025-04-01 06:10:00,68363,10824
2025-04-01 06:15:00,76621,13561
2025-04-01 06:20:00,67894,11057
2025-04-01 06:25:00,65365,10361
2025-04-01 06:30:00,67070,10793
2025-04-01 06:35:00,67451,10440
2025-04-01 06:40:00,69572,10590
2025-04-01 06:45:00,65480,10413
2025-04-01 06:50:00,79251,14668
2025-04-01 06:55:00,64883,10247
2025-04-01 07:00:00,68135,11198
2025-04-01 07:05:00,64139,10114
2025-04-01 07:10:00,67904,10866
2025-04-01 07:15:00,66387,10252
2025-04-01 07:20:00,67347,11226
2025-04-01 07:25:00,76860,14721
2025-04-01 07:30:00,67690,10323
2025-04-01 07:35:00,64984,10534
2025-04-01 07:40:00,69008,10754
2025-04-01 07:45:00,64937,10308
2025-04-01 07:50:00,67508,10602
2025-04-01 07:55:00,77024,13690
2025-04-01 08:00:00,67742,10189
2025-04-01 08:05:00,66141,10457
2025-04-01 08:10:00,70318,10993
2025-04-01 08:15:00,68000,11013
2025-04-01 08:20:00,70347,12253
2025-04-01 08:25:00,79891,14278
2025-04-01 08:30:00,70721,11545
2025-04-01 08:35:00,67561,10573
2025-04-01 08:40:00,71650,11293
2025-04-01 08:45:00,67689,10816
2025-04-01 08:50:00,70545,11253
2025-04-01 08:55:00,67489,11053
2025-04-01 09:00:00,82655,14354
2025-04-01 09:05:00,67411,10848
2025-04-01 09:10:00,70591,11089
2025-04-01 09:15:00,68034,11344
2025-04-01 09:20:00,70229,11534
2025-04-01 09:25:00,67517,10736
2025-04-01 09:30:00,70639,10928
2025-04-01 09:35:00,79796,14457
2025-04-01 09:40:00,72052,12159
2025-04-01 09:45:00,67434,10649
2025-04-01 09:50:00,70697,12006
2025-04-01 09:55:00,67668,10742
2025-04-01 10:00:00,70430,11118
2025-04-01 10:05:00,67840,11023
2025-04-01 10:10:00,83283,14621
2025-04-01 10:15:00,68421,11258
2025-04-01 10:20:00,70985,13629
2025-04-01 10:25:00,67333,10793
2025-04-01 10:30:00,70829,11694
2025-04-01 10:35:00,67548,10758
2025-04-01 10:40:00,72049,11291
2025-04-01 10:45:00,80247,14535
2025-04-01 10:50:00,70619,11302
2025-04-01 10:55:00,67511,11042
2025-04-01 11:00:00,70509,12080
2025-04-01 11:05:00,68048,11527
2025-04-01 11:10:00,70246,11505
2025-04-01 11:15:00,80367,14470
2025-04-01 11:20:00,70621,11429
2025-04-01 11:25:00,67519,11840
2025-04-01 11:30:00,70799,11087
2025-04-01 11:35:00,67723,10861
2025-04-01 11:40:00,72096,11502
2025-04-01 11:45:00,67994,11560
2025-04-01 11:50:00,87493,15549
2025-04-01 11:55:00,67843,11571
2025-04-01 12:00:00,70594,11417
2025-04-01 12:05:00,69536,10947
2025-04-01 12:10:00,70569,11557
2025-04-01 12:15:00,67981,10841
2025-04-01 12:20:00,70528,12192
2025-04-01 12:25:00,80046,14169
2025-04-01 12:30:00,70295,11650
2025-04-01 12:35:00,67538,10900
2025-04-01 12:40:00,79937,12026
2025-04-01 12:45:00,67880,10841
2025-04-01 12:50:00,70533,11191
2025-04-01 12:55:00,68270,10850
2025-04-01 13:00:00,82650,14505
2025-04-01 13:05:00,67606,10664
2025-04-01 13:10:00,70638,11536
2025-04-01 13:15:00,67998,11015
2025-04-01 13:20:00,70188,11440
2025-04-01 13:25:00,67772,11146
2025-04-01 13:30:00,70522,11988
2025-04-01 13:35:00,80406,14515
2025-04-01 13:40:00,72453,11527
2025-04-01 13:45:00,264525,21352
2025-04-01 13:50:00,202490,22039
2025-04-01 13:55:00,461891,43616
2025-04-01 14:00:00,510886,48355
2025-04-01 14:05:00,81912,14689
2025-04-01 14:10:00,73636,11518
2025-04-01 14:15:00,70268,12053
2025-04-01 14:20:00,73639,12010
2025-04-01 14:25:00,69763,10845
2025-04-01 14:30:00,73514,11407
2025-04-01 14:35:00,70280,10799
2025-04-01 14:40:00,87204,15300
2025-04-01 14:45:00,70544,11168
2025-04-01 14:50:00,74228,11370
2025-04-01 14:55:00,70864,11819
2025-04-01 15:00:00,74351,11223
2025-04-01 15:05:00,69993,11751
2025-04-01 15:10:00,73409,11089
2025-04-01 15:15:00,82490,14534
2025-04-01 15:20:00,73344,11809
2025-04-01 15:25:00,69286,11089
2025-04-01 15:30:00,73458,11416
2025-04-01 15:35:00,167485,19559
2025-04-01 15:40:00,258346,27275
2025-04-01 15:45:00,89539,14921
2025-04-01 15:50:00,78174,11676
2025-04-01 15:55:00,73733,11329
2025-04-01 16:00:00,77606,11786
2025-04-01 16:05:00,74015,11161
2025-04-01 16:10:00,77797,12096
2025-04-01 16:15:00,74004,12272
2025-04-01 16:20:00,90683,15705
2025-04-01 16:25:00,73981,10842
2025-04-01 16:30:00,78075,12009
2025-04-01 16:35:00,74338,11243
2025-04-01 16:40:00,81516,12492
2025-04-01 16:45:00,75700,13145
2025-04-01 16:50:00,91343,15268
2025-04-01 16:55:00,73574,12198
2025-04-01 17:00:00,77296,11527
2025-04-01 17:05:00,73804,11278
2025-04-01 17:10:00,77145,11727
2025-04-01 17:15:00,73641,11236
2025-04-01 17:20:00,77926,12348
2025-04-01 17:25:00,86948,14757
2025-04-01 17:30:00,77489,12149
2025-04-01 17:35:00,74211,11289
2025-04-01 17:40:00,79117,12081
2025-04-01 17:45:00,73795,11820
2025-04-01 17:50:00,77769,11718
2025-04-01 17:55:00,86823,14739
2025-04-01 18:00:00,77448,11921
2025-04-01 18:05:00,74348,12850
2025-04-01 18:10:00,77631,11995
2025-04-01 18:15:00,74928,11573
2025-04-01 18:20:00,221288,1142465
2025-04-01 18:25:00,210436,156655
2025-04-01 18:30:00,232336,172158
2025-04-01 18:35:00,192159,136675
2025-04-01 18:40:00,88994,29304
2025-04-01 18:45:00,78150,21820
2025-04-01 18:50:00,123813,31185
2025-04-01 18:55:00,86731,21917
2025-04-01 19:00:00,90319,27412
2025-04-01 19:05:00,137725,62001
2025-04-01 19:10:00,89387,28120
2025-04-01 19:15:00,89004,30126
2025-04-01 19:20:00,92980,33667
2025-04-01 19:25:00,89860,32633
2025-04-01 19:30:00,94765,34404
2025-04-01 19:35:00,149059,92821
2025-04-01 19:40:00,93835,17474
2025-04-01 19:45:00,75775,13915
2025-04-01 19:50:00,90514,24809
2025-04-01 19:55:00,95647,39465
2025-04-01 20:00:00,99625,42573
2025-04-01 20:05:00,99080,39928
2025-04-01 20:10:00,97083,40145
2025-04-01 20:15:00,107822,42415
2025-04-01 20:20:00,92529,34454
2025-04-01 20:25:00,73116,12316
2025-04-01 20:30:00,77111,12833
2025-04-01 20:35:00,75936,14039
2025-04-01 20:40:00,78115,13106
2025-04-01 20:45:00,73481,12299
2025-04-01 20:50:00,90242,16875
2025-04-01 20:55:00,73103,12332
2025-04-01 21:00:00,76772,13393
2025-04-01 21:05:00,76319,13763
2025-04-01 21:10:00,76912,12840
2025-04-01 21:15:00,73338,13172
2025-04-01 21:20:00,76965,13125
2025-04-01 21:25:00,86264,16061
2025-04-01 21:30:00,77083,14424
2025-04-01 21:35:00,75998,13686
2025-04-01 21:40:00,78118,12783
2025-04-01 21:45:00,73243,12482
2025-04-01 21:50:00,80439,13231
2025-04-01 21:55:00,86183,15891
2025-04-01 22:00:00,76938,12991
2025-04-01 22:05:00,76226,13748
2025-04-01 22:10:00,77001,12967
2025-04-01 22:15:00,74108,12329
2025-04-01 22:20:00,76961,13360
2025-04-01 22:25:00,73226,12657
2025-04-01 22:30:00,89905,16142
2025-04-01 22:35:00,76344,13456
2025-04-01 22:40:00,87651,13270
2025-04-01 22:45:00,72952,12308
2025-04-01 22:50:00,77099,13053
2025-04-01 22:55:00,73094,12540
2025-04-01 23:00:00,90251,16524
2025-04-01 23:05:00,77795,14203
2025-04-01 23:10:00,77951,13142
2025-04-01 23:15:00,73503,12564
2025-04-01 23:20:00,76827,13768
2025-04-01 23:25:00,73162,12608
2025-04-01 23:30:00,77133,13097
2025-04-01 23:35:00,89553,17554
2025-04-01 23:40:00,78218,12775
2025-04-01 23:45:00,73385,12287
2025-04-01 23:50:00,76884,13193
2025-04-01 23:55:00,73366,12514
2025-04-02 00:00:00,76573,12669
2025-04-02 00:05:00,76367,13618
2025-04-02 00:10:00,90119,16444
2025-04-02 00:15:00,73276,12305
2025-04-02 00:20:00,76796,13332
2025-04-02 00:25:00,73605,12572
2025-04-02 00:30:00,76793,12526
2025-04-02 00:35:00,75852,13560
2025-04-02 00:40:00,91391,16717
2025-04-02 00:45:00,73694,12355
2025-04-02 00:50:00,76739,12782
2025-04-02 00:55:00,73276,12422
2025-04-02 01:00:00,76799,12903
2025-04-02 01:05:00,76039,13676
2025-04-02 01:10:00,77241,12977
2025-04-02 01:15:00,86409,16009
2025-04-02 01:20:00,77069,13081
2025-04-02 01:25:00,73053,12616
2025-04-02 01:30:00,76963,12994
2025-04-02 01:35:00,76190,13810
2025-04-02 01:40:00,78354,13092
2025-04-02 01:45:00,73427,12649
2025-04-02 01:50:00,89953,16593
2025-04-02 01:55:00,73177,12566
2025-04-02 02:00:00,76943,12878
2025-04-02 02:05:00,76181,13714
2025-04-02 02:10:00,77101,12851
2025-04-02 02:15:00,73298,12163
2025-04-02 02:20:00,90118,16738
2025-04-02 02:25:00,73190,12509
2025-04-02 02:30:00,76896,12582
2025-04-02 02:35:00,76392,13633
2025-04-02 02:40:00,77738,13492
2025-04-02 02:45:00,73682,12392
2025-04-02 02:50:00,76735,12934
2025-04-02 02:55:00,85936,15802
2025-04-02 03:00:00,76625,12830
2025-04-02 03:05:00,76581,13480
2025-04-02 03:10:00,76702,13322
2025-04-02 03:15:00,73819,12420
2025-04-02 03:20:00,76665,13151
2025-04-02 03:25:00,74145,12584
2025-04-02 03:30:00,91308,17403
2025-04-02 03:35:00,76091,13681
2025-04-02 03:40:00,78443,13188
2025-04-02 03:45:00,73573,12236
2025-04-02 03:50:00,76560,12917
2025-04-02 03:55:00,73654,12708
2025-04-02 04:00:00,76929,12659
2025-04-02 04:05:00,89210,17064
2025-04-02 04:10:00,76886,12825
2025-04-02 04:15:00,73413,12435
2025-04-02 04:20:00,77085,13282
2025-04-02 04:25:00,73263,12935
2025-04-02 04:30:00,76740,12772
2025-04-02 04:35:00,76542,13789
2025-04-02 04:40:00,91143,16224
2025-04-02 04:45:00,73190,12453
2025-04-02 04:50:00,76932,12679
2025-04-02 04:55:00,73380,12433
2025-04-02 05:00:00,77022,12455
2025-04-02 05:05:00,76102,13778
2025-04-02 05:10:00,77055,12824
2025-04-02 05:15:00,86427,15914
2025-04-02 05:20:00,77196,13301
2025-04-02 05:25:00,73074,12498
2025-04-02 05:30:00,76932,12840
2025-04-02 05:35:00,76074,13952
2025-04-02 05:40:00,78647,13169
2025-04-02 05:45:00,73625,12542
2025-04-02 05:50:00,89607,17276
2025-04-02 05:55:00,73609,12400
2025-04-02 06:00:00,77029,12889
2025-04-02 06:05:00,76087,15355
2025-04-02 06:10:00,76927,12877
2025-04-02 06:15:00,73632,12818
2025-04-02 06:20:00,77138,13424
2025-04-02 06:25:00,86808,15901
2025-04-02 06:30:00,76666,12688
2025-04-02 06:35:00,76396,13729
2025-04-02 06:40:00,78072,13128
2025-04-02 06:45:00,73581,13450
2025-04-02 06:50:00,76778,12828
2025-04-02 06:55:00,72636,12094
2025-04-02 07:00:00,90044,16237
2025-04-02 07:05:00,76190,13767
2025-04-02 07:10:00,77125,13192
2025-04-02 07:15:00,73496,12414
2025-04-02 07:20:00,77051,14033
2025-04-02 07:25:00,73171,12481
2025-04-02 07:30:00,77008,12762
2025-04-02 07:35:00,91060,17641
2025-04-02 07:40:00,78127,13129
2025-04-02 07:45:00,73736,12582
2025-04-02 07:50:00,77281,13455
2025-04-02 07:55:00,73149,12546
2025-04-02 08:00:00,77152,12814
2025-04-02 08:05:00,77969,14768
2025-04-02 08:10:00,92260,17880
2025-04-02 08:15:00,75929,14196
2025-04-02 08:20:00,79110,15452
2025-04-02 08:25:00,75467,14576
2025-04-02 08:30:00,78925,15499
2025-04-02 08:35:00,78407,16469
2025-04-02 08:40:00,103758,18821
2025-04-02 08:45:00,75713,12660
2025-04-02 08:50:00,79091,13288
2025-04-02 08:55:00,75430,14085
2025-04-02 09:00:00,79021,15588
2025-04-02 09:05:00,78394,14624
2025-04-02 09:10:00,79471,15649
2025-04-02 09:15:00,89021,16985
2025-04-02 09:20:00,79499,15773
2025-04-02 09:25:00,75363,14961
2025-04-02 09:30:00,79289,14296
2025-04-02 09:35:00,78253,15939
2025-04-02 09:40:00,80574,15166
2025-04-02 09:45:00,76040,14795
2025-04-02 09:50:00,92287,17807
2025-04-02 09:55:00,75602,13317
2025-04-02 10:00:00,79801,14601
2025-04-02 10:05:00,78432,13855
2025-04-02 10:10:00,79106,14777
2025-04-02 10:15:00,76160,15128
2025-04-02 10:20:00,79006,14562
2025-04-02 10:25:00,87825,15886
2025-04-02 10:30:00,78187,12668
2025-04-02 10:35:00,74335,13970
2025-04-02 10:40:00,79073,13044
2025-04-02 10:45:00,74534,14564
2025-04-02 10:50:00,78215,13810
2025-04-02 10:55:00,87497,15893
2025-04-02 11:00:00,78136,13811
2025-04-02 11:05:00,76770,11953
2025-04-02 11:10:00,78745,14548
2025-04-02 11:15:00,74708,15693
2025-04-02 11:20:00,78095,14704
2025-04-02 11:25:00,74301,12133
2025-04-02 11:30:00,78705,13413
2025-04-02 11:35:00,87575,15796
2025-04-02 11:40:00,78907,12485
2025-04-02 11:45:00,74608,13016
2025-04-02 11:50:00,78109,14021
2025-04-02 11:55:00,74690,12785
2025-04-02 12:00:00,77638,12159
2025-04-02 12:05:00,87809,17357
2025-04-02 12:10:00,1335661,1292678
2025-04-02 12:15:00,2579303,2579525
2025-04-02 12:20:00,142778,70475
2025-04-02 12:25:00,85561,16640
2025-04-02 12:30:00,253305,39977
2025-04-02 12:35:00,100009,18318
2025-04-02 12:40:00,106161,23688
2025-04-02 12:45:00,76775,12563
2025-04-02 12:50:00,80118,16581
2025-04-02 12:55:00,82089,13026
2025-04-02 13:00:00,80568,13218
2025-04-02 13:05:00,75824,13626
2025-04-02 13:10:00,97088,17220
2025-04-02 13:15:00,77624,12589
2025-04-02 13:20:00,81233,13770
2025-04-02 13:25:00,80382,13114
2025-04-02 13:30:00,80246,12661
2025-04-02 13:35:00,79208,13654
2025-04-02 13:40:00,83650,13521
2025-04-02 13:45:00,91741,15932
2025-04-02 13:50:00,80946,14216
2025-04-02 13:55:00,77320,13124
2025-04-02 14:00:00,81874,12814
2025-04-02 14:05:00,77624,15636
2025-04-02 14:10:00,81060,14475
2025-04-02 14:15:00,93212,17652
2025-04-02 14:20:00,79936,15165
2025-04-02 14:25:00,78636,13248
2025-04-02 14:30:00,79006,15630
2025-04-02 14:35:00,78839,13057
2025-04-02 14:40:00,85450,17246
2025-04-02 14:45:00,75501,12900
2025-04-02 14:50:00,95425,19499
2025-04-02 14:55:00,79705,15554
2025-04-02 15:00:00,79203,14742
2025-04-02 15:05:00,78686,13999
2025-04-02 15:10:00,81903,16004
2025-04-02 15:15:00,76836,12595
2025-04-02 15:20:00,79165,14397
2025-04-02 15:25:00,81045,15152
2025-04-02 15:30:00,162627,94780
2025-04-02 15:35:00,78144,16732
2025-04-02 15:40:00,87694,15263
2025-04-02 15:45:00,79483,15854
2025-04-02 15:50:00,80057,15544
2025-04-02 15:55:00,86570,20055
2025-04-02 16:00:00,80602,15735
2025-04-02 16:05:00,91741,16990
2025-04-02 16:10:00,82376,16881
2025-04-02 16:15:00,80903,14354
2025-04-02 16:20:00,83259,15801
2025-04-02 16:25:00,78840,14505
2025-04-02 16:30:00,84044,14551
2025-04-02 16:35:00,82078,17512
2025-04-02 16:40:00,94225,18539
2025-04-02 16:45:00,80560,15479
2025-04-02 16:50:00,80988,18127
2025-04-02 16:55:00,80618,14877
2025-04-02 17:00:00,80165,14380
2025-04-02 17:05:00,80820,14849
2025-04-02 17:10:00,98115,19099
2025-04-02 17:15:00,76590,14277
2025-04-02 17:20:00,84662,15387
2025-04-02 17:25:00,81099,15562
2025-04-02 17:30:00,80152,15852
2025-04-02 17:35:00,80599,14945
2025-04-02 17:40:00,83861,16111
2025-04-02 17:45:00,92494,17767
2025-04-02 17:50:00,80618,16617
2025-04-02 17:55:00,82539,14403
2025-04-02 18:00:00,83220,15914
2025-04-02 18:05:00,77972,18435
2025-04-02 18:10:00,103649,25783
2025-04-02 18:15:00,326788,46849
2025-04-02 18:20:00,94896,30995
2025-04-02 18:25:00,89960,18286
2025-04-02 18:30:00,82287,14851
2025-04-02 18:35:00,87137,15225
2025-04-02 18:40:00,93798,17278
2025-04-02 18:45:00,78784,13584
2025-04-02 18:50:00,133903,55355
2025-04-02 18:55:00,78688,14783
2025-04-02 19:00:00,80555,13674
2025-04-02 19:05:00,87013,15692
2025-04-02 19:10:00,82508,16519
2025-04-02 19:15:00,82733,14253
2025-04-02 19:20:00,90026,21056
2025-04-02 19:25:00,105882,21854
2025-04-02 19:30:00,80252,13896
2025-04-02 19:35:00,79030,14735
2025-04-02 19:40:00,92234,16847
2025-04-02 19:45:00,76700,13375
2025-04-02 19:50:00,82734,18231
2025-04-02 19:55:00,89062,16948
2025-04-02 20:00:00,93864,20287
2025-04-02 20:05:00,76323,13201
2025-04-02 20:10:00,82933,14133
2025-04-02 20:15:00,83377,13647
2025-04-02 20:20:00,78063,14318
2025-04-02 20:25:00,78250,13581
2025-04-02 20:30:00,99857,18048
2025-04-02 20:35:00,73837,12696
2025-04-02 20:40:00,81647,15601
2025-04-02 20:45:00,85578,14106
2025-04-02 20:50:00,77374,13481
2025-04-02 20:55:00,76402,15648
2025-04-02 21:00:00,95329,17428
2025-04-02 21:05:00,83345,13876
2025-04-02 21:10:00,79955,13764
2025-04-02 21:15:00,76778,12960
2025-04-02 21:20:00,86706,15147
2025-04-02 21:25:00,75878,13578
2025-04-02 21:30:00,78520,12939
2025-04-02 21:35:00,98029,17436
2025-04-02 21:40:00,80623,13524
2025-04-02 21:45:00,74421,13785
2025-04-02 21:50:00,80330,13889
2025-04-02 21:55:00,85078,14547
2025-04-02 22:00:00,77782,13334
2025-04-02 22:05:00,77035,12965
2025-04-02 22:10:00,101937,18343
2025-04-02 22:15:00,77012,12685
2025-04-02 22:20:00,79232,14443
2025-04-02 22:25:00,87230,15106
2025-04-02 22:30:00,77401,13047
2025-04-02 22:35:00,74435,12607
2025-04-02 22:40:00,84385,14316
2025-04-02 22:45:00,96096,17176
2025-04-02 22:50:00,78030,13987
2025-04-02 22:55:00,78749,13415
2025-04-02 23:00:00,88575,14222
2025-04-02 23:05:00,73987,12628
2025-04-02 23:10:00,80676,14267
2025-04-02 23:15:00,99147,17758
2025-04-02 23:20:00,77975,14174
2025-04-02 23:25:00,75883,13058
2025-04-02 23:30:00,80953,13564
2025-04-02 23:35:00,85093,13887
2025-04-02 23:40:00,80852,13745
2025-04-02 23:45:00,76886,12813
2025-04-02 23:50:00,89167,17707
2025-04-02 23:55:00,86440,13733
2025-04-03 00:00:00,78537,13304
2025-04-03 00:05:00,85859,14211
2025-04-03 00:10:00,79657,14278
2025-04-03 00:15:00,74516,12619
2025-04-03 00:20:00,81163,14691
2025-04-03 00:25:00,98189,17712
2025-04-03 00:30:00,77957,13525
2025-04-03 00:35:00,77426,13056
2025-04-03 00:40:00,89964,14959
2025-04-03 00:45:00,73851,12325
2025-04-03 00:50:00,78417,13765
2025-04-03 00:55:00,101214,18099
2025-04-03 01:00:00,77511,13275
2025-04-03 01:05:00,75168,12912
2025-04-03 01:10:00,83404,14301
2025-04-03 01:15:00,83246,13724
2025-04-03 01:20:00,84683,15927
2025-04-03 01:25:00,81047,14164
2025-04-03 01:30:00,99966,17958
2025-04-03 01:35:00,73779,12685
2025-04-03 01:40:00,81697,14372
2025-04-03 01:45:00,86632,14213
2025-04-03 01:50:00,77684,13929
2025-04-03 01:55:00,77041,13470
2025-04-03 02:00:00,95247,17353
2025-04-03 02:05:00,83092,13590
2025-04-03 02:10:00,79744,13825
2025-04-03 02:15:00,80051,13473
2025-04-03 02:20:00,86844,15179
2025-04-03 02:25:00,75752,13015
2025-04-03 02:30:00,78193,13876
2025-04-03 02:35:00,99923,17753
2025-04-03 02:40:00,80826,14091
2025-04-03 02:45:00,74132,12495
2025-04-03 02:50:00,81999,15148
2025-04-03 02:55:00,85142,14576
2025-04-03 03:00:00,77630,13218
2025-04-03 03:05:00,78559,13100
2025-04-03 03:10:00,88553,14771
2025-04-03 03:15:00,87190,16201
2025-04-03 03:20:00,78781,14367
2025-04-03 03:25:00,88924,14657
2025-04-03 03:30:00,77284,13393
2025-04-03 03:35:00,74363,13211
2025-04-03 03:40:00,85511,14420
2025-04-03 03:45:00,98389,17340
2025-04-03 03:50:00,77805,13637
2025-04-03 03:55:00,79998,14238
2025-04-03 04:00:00,86805,13979
2025-04-03 04:05:00,74104,12537
2025-04-03 04:10:00,77645,12864
2025-04-03 04:15:00,88311,13363
2025-04-03 04:20:00,89597,15915
2025-04-03 04:25:00,72754,11613
2025-04-03 04:30:00,80802,12579
2025-04-03 04:35:00,81714,12552
2025-04-03 04:40:00,87780,13107
2025-04-03 04:45:00,77842,12896
2025-04-03 04:50:00,85037,12986
2025-04-03 04:55:00,86067,15249
2025-04-03 05:00:00,76752,12162
2025-04-03 05:05:00,85756,12911
2025-04-03 05:10:00,76459,11852
2025-04-03 05:15:00,72969,12044
2025-04-03 05:20:00,81700,13137
2025-04-03 05:25:00,94392,16088
2025-04-03 05:30:00,76716,11785
2025-04-03 05:35:00,76968,11970
2025-04-03 05:40:00,86715,13360
2025-04-03 05:45:00,72880,11640
2025-04-03 05:50:00,76804,11784
2025-04-03 05:55:00,86129,13333
2025-04-03 06:00:00,76221,12167
2025-04-03 06:05:00,85883,16609
2025-04-03 06:10:00,81205,12986
2025-04-03 06:15:00,81706,12607
2025-04-03 06:20:00,76636,13580
2025-04-03 06:25:00,77314,11997
2025-04-03 06:30:00,85408,13140
2025-04-03 06:35:00,74492,12113
2025-04-03 06:40:00,91350,15448
2025-04-03 06:45:00,87001,12945
2025-04-03 06:50:00,76343,12095
2025-04-03 06:55:00,73017,11724
2025-04-03 07:00:00,83190,12873
2025-04-03 07:05:00,81862,12237
2025-04-03 07:10:00,89718,15774
2025-04-03 07:15:00,77556,11963
2025-04-03 07:20:00,85604,13531
2025-04-03 07:25:00,72566,11428
2025-04-03 07:30:00,77074,11963
2025-04-03 07:35:00,85798,12985
2025-04-03 07:40:00,77414,12213
2025-04-03 07:45:00,85874,14965
2025-04-03 07:50:00,81591,12882
2025-04-03 07:55:00,81301,12601
2025-04-03 08:00:00,75974,11703
2025-04-03 08:05:00,79079,14206
2025-04-03 08:10:00,90720,14672
2025-04-03 08:15:00,75843,13515
2025-04-03 08:20:00,93273,18095
2025-04-03 08:25:00,89332,16419
2025-04-03 08:30:00,79224,13750
2025-04-03 08:35:00,75877,12674
2025-04-03 08:40:00,85334,13577
2025-04-03 08:45:00,86638,14842
2025-04-03 08:50:00,92704,18840
2025-04-03 08:55:00,80318,12694
2025-04-03 09:00:00,88252,16400
2025-04-03 09:05:00,75645,12519
2025-04-03 09:10:00,80142,13641
2025-04-03 09:15:00,89329,14006
2025-04-03 09:20:00,79902,17513
2025-04-03 09:25:00,89202,16433
2025-04-03 09:30:00,84228,13621
2025-04-03 09:35:00,84572,13531
2025-04-03 09:40:00,80661,13019
2025-04-03 09:45:00,80502,13033
2025-04-03 09:50:00,88309,15703
2025-04-03 09:55:00,75698,13575
2025-04-03 10:00:00,93012,17329
2025-04-03 10:05:00,89110,14714
2025-04-03 10:10:00,79413,12911
2025-04-03 10:15:00,76274,12828
2025-04-03 10:20:00,84046,14768
2025-04-03 10:25:00,84641,13834
2025-04-03 10:30:00,79456,14394
2025-04-03 10:35:00,93679,17314
2025-04-03 10:40:00,89590,15818
2025-04-03 10:45:00,78506,12967
2025-04-03 10:50:00,80826,14938
2025-04-03 10:55:00,88807,14522
2025-04-03 11:00:00,79520,13221
2025-04-03 11:05:00,75941,15225
2025-04-03 11:10:00,98479,18626
2025-04-03 11:15:00,85079,15386
2025-04-03 11:20:00,79666,16863
2025-04-03 11:25:00,82667,16782
2025-04-03 11:30:00,88264,17152
2025-04-03 11:35:00,75898,13471
2025-04-03 11:40:00,81719,14474
2025-04-03 11:45:00,104828,18373
2025-04-03 11:50:00,79493,15552
2025-04-03 11:55:00,75774,13133
2025-04-03 12:00:00,84031,15492
2025-04-03 12:05:00,84294,13246
2025-04-03 12:10:00,79602,12752
2025-04-03 12:15:00,93957,20153
2025-04-03 12:20:00,88196,16422
2025-04-03 12:25:00,76170,13439
2025-04-03 12:30:00,82055,14467
2025-04-03 12:35:00,88920,15018
2025-04-03 12:40:00,93756,15382
2025-04-03 12:45:00,76186,14915
2025-04-03 12:50:00,97424,20386
2025-04-03 12:55:00,86858,14254
2025-04-03 13:00:00,79703,15183
2025-04-03 13:05:00,80621,15231
2025-04-03 13:10:00,88131,13655
2025-04-03 13:15:00,75919,13863
2025-04-03 13:20:00,93154,21365
2025-04-03 13:25:00,90986,16328
2025-04-03 13:30:00,79450,13825
2025-04-03 13:35:00,76030,14019
2025-04-03 13:40:00,85762,14933
2025-04-03 13:45:00,84627,13371
2025-04-03 13:50:00,79708,14294
2025-04-03 13:55:00,94324,17098
2025-04-03 14:00:00,88196,13157
2025-04-03 14:05:00,75847,13269
2025-04-03 14:10:00,79769,14036
2025-04-03 14:15:00,89501,15400
2025-04-03 14:20:00,79668,13693
2025-04-03 14:25:00,75593,13057
2025-04-03 14:30:00,97214,18116
2025-04-03 14:35:00,84648,13222
2025-04-03 14:40:00,91073,14369
2025-04-03 14:45:00,80909,13219
2025-04-03 14:50:00,88152,15201
2025-04-03 14:55:00,75636,15155
2025-04-03 15:00:00,93058,18006
2025-04-03 15:05:00,89362,13829
2025-04-03 15:10:00,80015,14736
2025-04-03 15:15:00,76006,12899
2025-04-03 15:20:00,84545,15456
2025-04-03 15:25:00,84355,13945
2025-04-03 15:30:00,79386,14736
2025-04-03 15:35:00,93727,17833
2025-04-03 15:40:00,89806,16728
2025-04-03 15:45:00,75828,14107
2025-04-03 15:50:00,79858,12756
2025-04-03 15:55:00,91157,15683
2025-04-03 16:00:00,79437,13123
2025-04-03 16:05:00,89420,16362
2025-04-03 16:10:00,86574,15754
2025-04-03 16:15:00,84911,13177
2025-04-03 16:20:00,79267,13718
2025-04-03 16:25:00,80262,13181
2025-04-03 16:30:00,88213,13544
2025-04-03 16:35:00,75976,15123
2025-04-03 16:40:00,94358,17483
2025-04-03 16:45:00,89036,14938
2025-04-03 16:50:00,79512,16329
2025-04-03 16:55:00,75943,12603
2025-04-03 17:00:00,83984,13187
2025-04-03 17:05:00,84937,13606
2025-04-03 17:10:00,79283,12968
2025-04-03 17:15:00,94129,17343
2025-04-03 17:20:00,93091,15668
2025-04-03 17:25:00,77935,14206
2025-04-03 17:30:00,79912,14933
2025-04-03 17:35:00,91279,15052
2025-04-03 17:40:00,80738,14292
2025-04-03 17:45:00,75798,12263
2025-04-03 17:50:00,97372,18443
2025-04-03 17:55:00,84592,13754
2025-04-03 18:00:00,79312,13960
2025-04-03 18:05:00,80937,16277
2025-04-03 18:10:00,88483,14419
2025-04-03 18:15:00,76087,12807
2025-04-03 18:20:00,80187,16277
2025-04-03 18:25:00,101970,18859
2025-04-03 18:30:00,79863,14731
2025-04-03 18:35:00,75969,13067
2025-04-03 18:40:00,85502,15349
2025-04-03 18:45:00,84939,13043
2025-04-03 18:50:00,79361,13996
2025-04-03 18:55:00,80199,13515
2025-04-03 19:00:00,101921,20098
2025-04-03 19:05:00,75484,13712
2025-04-03 19:10:00,79866,14374
2025-04-03 19:15:00,89121,14868
2025-04-03 19:20:00,79757,14664
2025-04-03 19:25:00,75872,14399
2025-04-03 19:30:00,182514,120018
2025-04-03 19:35:00,103882,24535
2025-04-03 19:40:00,81851,15879
2025-04-03 19:45:00,81172,13080
2025-04-03 19:50:00,89024,15231
2025-04-03 19:55:00,76473,13291
2025-04-03 20:00:00,82458,15391
2025-04-03 20:05:00,88402,14088
2025-04-03 20:10:00,89785,15563
2025-04-03 20:15:00,73299,11713
2025-04-03 20:20:00,81592,12786
2025-04-03 20:25:00,81628,12595
2025-04-03 20:30:00,78209,12368
2025-04-03 20:35:00,80056,12915
2025-04-03 20:40:00,86942,13079
2025-04-03 20:45:00,86210,15103
2025-04-03 20:50:00,77502,12099
2025-04-03 20:55:00,163235,209389
2025-04-03 21:00:00,184758,149014
2025-04-03 21:05:00,124564,73628
2025-04-03 21:10:00,83742,15072
2025-04-03 21:15:00,175201,128019
2025-04-03 21:20:00,186721,99869
2025-04-03 21:25:00,386548,246069
2025-04-03 21:30:00,363141,266290
2025-04-03 21:35:00,369565,255529
2025-04-03 21:40:00,444979,345192
2025-04-03 21:45:00,168289,130182
2025-04-03 21:50:00,178531,134136
2025-04-03 21:55:00,154832,100664
2025-04-03 22:00:00,158638,124425
2025-04-03 22:05:00,157956,121815
2025-04-03 22:10:00,154792,124683
2025-04-03 22:15:00,153186,123493
2025-04-03 22:20:00,163172,125248
2025-04-03 22:25:00,132056,76335
2025-04-03 22:30:00,79536,13434
2025-04-03 22:35:00,88719,14165
2025-04-03 22:40:00,86956,15057
2025-04-03 22:45:00,75904,13209
2025-04-03 22:50:00,82670,13616
2025-04-03 22:55:00,84223,13937
2025-04-03 23:00:00,91164,16920
2025-04-03 23:05:00,79474,13597
2025-04-03 23:10:00,89370,15310
2025-04-03 23:15:00,74538,12655
2025-04-03 23:20:00,78848,13484
2025-04-03 23:25:00,87344,14306
2025-04-03 23:30:00,78220,13099
2025-04-03 23:35:00,87481,16233
2025-04-03 23:40:00,86774,14941
2025-04-03 23:45:00,83466,13877
2025-04-03 23:50:00,78063,13043
2025-04-03 23:55:00,79068,13360
2025-04-04 00:00:00,87246,14652
2025-04-04 00:05:00,87485,16438
2025-04-04 00:10:00,81117,14583
2025-04-04 00:15:00,87769,14168
2025-04-04 00:20:00,78112,13492
2025-04-04 00:25:00,74639,12795
2025-04-04 00:30:00,82830,13575
2025-04-04 00:35:00,83742,14099
2025-04-04 00:40:00,101400,18749
2025-04-04 00:45:00,82880,13371
2025-04-04 00:50:00,87180,14613
2025-04-04 00:55:00,74279,13287
2025-04-04 01:00:00,78477,13540
2025-04-04 01:05:00,87781,14377
2025-04-04 01:10:00,81121,14251
2025-04-04 01:15:00,74420,12673
2025-04-04 01:20:00,96193,17801
2025-04-04 01:25:00,83033,13908
2025-04-04 01:30:00,78074,13510
2025-04-04 01:35:00,81386,13609
2025-04-04 01:40:00,91309,24090
2025-04-04 01:45:00,74233,12740
2025-04-04 01:50:00,81325,16414
2025-04-04 01:55:00,97947,14975
2025-04-04 02:00:00,78327,13295
2025-04-04 02:05:00,74519,12565
2025-04-04 02:10:00,85259,14913
2025-04-04 02:15:00,83494,14122
2025-04-04 02:20:00,78417,13675
2025-04-04 02:25:00,79327,13606
2025-04-04 02:30:00,100161,18471
2025-04-04 02:35:00,74386,12784
2025-04-04 02:40:00,83103,14457
2025-04-04 02:45:00,91364,14925
2025-04-04 02:50:00,79189,13171
2025-04-04 02:55:00,74264,12959
2025-04-04 03:00:00,82651,13859
2025-04-04 03:05:00,96288,17011
2025-04-04 03:10:00,80860,14448
2025-04-04 03:15:00,79399,13634
2025-04-04 03:20:00,89214,14714
2025-04-04 03:25:00,74372,13197
2025-04-04 03:30:00,78343,13221
2025-04-04 03:35:00,100918,17830
2025-04-04 03:40:00,83069,14273
2025-04-04 03:45:00,73697,12756
2025-04-04 03:50:00,83173,13908
2025-04-04 03:55:00,83257,14115
2025-04-04 04:00:00,77914,13405
2025-04-04 04:05:00,79573,13415
2025-04-04 04:10:00,102503,18558
2025-04-04 04:15:00,74329,12595
2025-04-04 04:20:00,78951,13762
2025-04-04 04:25:00,87516,14571
2025-04-04 04:30:00,78125,13038
2025-04-04 04:35:00,74853,12774
2025-04-04 04:40:00,86960,15139
2025-04-04 04:45:00,96620,17375
2025-04-04 04:50:00,77858,13275
2025-04-04 04:55:00,79225,13710
2025-04-04 05:00:00,86950,14508
2025-04-04 05:05:00,74390,12991
2025-04-04 05:10:00,81299,14581
2025-04-04 05:15:00,88178,14223
2025-04-04 05:20:00,91082,17234
2025-04-04 05:25:00,74329,12918
2025-04-04 05:30:00,82941,13643
2025-04-04 05:35:00,83461,14139
2025-04-04 05:40:00,82033,13891
2025-04-04 05:45:00,79446,13306
2025-04-04 05:50:00,86943,14177
2025-04-04 05:55:00,87510,16261
2025-04-04 06:00:00,78270,13358
2025-04-04 06:05:00,90052,16318
2025-04-04 06:10:00,80760,14332
2025-04-04 06:15:00,74736,13298
2025-04-04 06:20:00,82894,14181
2025-04-04 06:25:00,96869,17557
2025-04-04 06:30:00,77780,13116
2025-04-04 06:35:00,79549,13233
2025-04-04 06:40:00,91104,15187
2025-04-04 06:45:00,74191,12577
2025-04-04 06:50:00,79160,13240
2025-04-04 06:55:00,87641,14890
2025-04-04 07:00:00,91075,16461
2025-04-04 07:05:00,92385,14630
2025-04-04 07:10:00,84827,14424
2025-04-04 07:15:00,83618,13861
2025-04-04 07:20:00,78517,13916
2025-04-04 07:25:00,81257,14155
2025-04-04 07:30:00,89277,14304
2025-04-04 07:35:00,87218,16459
2025-04-04 07:40:00,83199,15327
2025-04-04 07:45:00,87944,14356
2025-04-04 07:50:00,78077,14574
2025-04-04 07:55:00,74392,13762
2025-04-04 08:00:00,82954,14037
2025-04-04 08:05:00,100741,21677
2025-04-04 08:10:00,83741,17074
2025-04-04 08:15:00,81859,13718
2025-04-04 08:20:00,89322,14949
2025-04-04 08:25:00,76734,13738
2025-04-04 08:30:00,80879,16078
2025-04-04 08:35:00,90131,18979
2025-04-04 08:40:00,97254,20313
2025-04-04 08:45:00,76718,13341
2025-04-04 08:50:00,85250,15829
2025-04-04 08:55:00,85350,16578
2025-04-04 09:00:00,80383,16396
2025-04-04 09:05:00,81748,15827
2025-04-04 09:10:00,92390,18829
2025-04-04 09:15:00,89864,17181
2025-04-04 09:20:00,81217,19311
2025-04-04 09:25:00,89926,16859
2025-04-04 09:30:00,80472,16927
2025-04-04 09:35:00,76904,17847
2025-04-04 09:40:00,89414,16797
2025-04-04 09:45:00,98800,21591
2025-04-04 09:50:00,81819,18796
2025-04-04 09:55:00,81455,18989
2025-04-04 10:00:00,89500,21646
2025-04-04 10:05:00,77119,16699
2025-04-04 10:10:00,83549,19646
2025-04-04 10:15:00,90398,16600
2025-04-04 10:20:00,83624,17740
2025-04-04 10:25:00,88182,16151
2025-04-04 10:30:00,85178,17762
2025-04-04 10:35:00,85702,15122
2025-04-04 10:40:00,97922,18300
2025-04-04 10:45:00,84187,16520
2025-04-04 10:50:00,89429,16321
2025-04-04 10:55:00,89503,21714
2025-04-04 11:00:00,81215,16016
2025-04-04 11:05:00,90677,18806
2025-04-04 11:10:00,83066,15286
2025-04-04 11:15:00,77663,13850
2025-04-04 11:20:00,85355,16991
2025-04-04 11:25:00,85801,15055
2025-04-04 11:30:00,94966,19086
2025-04-04 11:35:00,81580,16167
2025-04-04 11:40:00,94714,22775
2025-04-04 11:45:00,76708,13682
2025-04-04 11:50:00,81028,13700
2025-04-04 11:55:00,90021,17769
2025-04-04 12:00:00,93678,17724
2025-04-04 12:05:00,77086,14654
2025-04-04 12:10:00,87642,15663
2025-04-04 12:15:00,88242,14649
2025-04-04 12:20:00,82176,16476
2025-04-04 12:25:00,82405,15388
2025-04-04 12:30:00,89506,16431
2025-04-04 12:35:00,89828,16330
2025-04-04 12:40:00,85211,18019
2025-04-04 12:45:00,92359,15820
2025-04-04 12:50:00,80200,17214
2025-04-04 12:55:00,76763,16409
2025-04-04 13:00:00,83698,14094
2025-04-04 13:05:00,86282,17344
2025-04-04 13:10:00,90276,14640
2025-04-04 13:15:00,80114,13099
2025-04-04 13:20:00,88119,15573
2025-04-04 13:25:00,75398,13299
2025-04-04 13:30:00,79385,12403
2025-04-04 13:35:00,88801,14980
2025-04-04 13:40:00,80380,13327
2025-04-04 13:45:00,88792,15827
2025-04-04 13:50:00,84883,15002
2025-04-04 13:55:00,83985,13513
2025-04-04 14:00:00,79673,14317
2025-04-04 14:05:00,79747,12498
2025-04-04 14:10:00,89679,14715
2025-04-04 14:15:00,88814,15824
2025-04-04 14:20:00,79430,12961
2025-04-04 14:25:00,88258,14160
2025-04-04 14:30:00,79275,15097
2025-04-04 14:35:00,75593,12188
2025-04-04 14:40:00,84983,13793
2025-04-04 14:45:00,84531,14093
2025-04-04 14:50:00,92211,17545
2025-04-04 14:55:00,79883,13952
2025-04-04 15:00:00,87794,13996
2025-04-04 15:05:00,75485,14637
2025-04-04 15:10:00,79851,15860
2025-04-04 15:15:00,91008,14803
2025-04-04 15:20:00,91867,17572
2025-04-04 15:25:00,166900,108187
2025-04-04 15:30:00,382801,350097
2025-04-04 15:35:00,262889,223000
2025-04-04 15:40:00,489992,428390
2025-04-04 15:45:00,104571,35011
2025-04-04 15:50:00,105385,36064
2025-04-04 15:55:00,105503,38311
2025-04-04 16:00:00,95001,34487
2025-04-04 16:05:00,102812,34499
2025-04-04 16:10:00,92471,28434
2025-04-04 16:15:00,76872,15704
2025-04-04 16:20:00,98754,18278
2025-04-04 16:25:00,143980,68645
2025-04-04 16:30:00,225836,184041
2025-04-04 16:35:00,98058,38144
2025-04-04 16:40:00,109545,38405
2025-04-04 16:45:00,90475,35567
2025-04-04 16:50:00,96538,37803
2025-04-04 16:55:00,105500,36300
2025-04-04 17:00:00,105048,32097
2025-04-04 17:05:00,77362,13650
2025-04-04 17:10:00,85592,15407
2025-04-04 17:15:00,88771,15704
2025-04-04 17:20:00,81399,14487
2025-04-04 17:25:00,84616,16773
2025-04-04 17:30:00,92471,18743
2025-04-04 17:35:00,90463,18104
2025-04-04 17:40:00,83369,17630
2025-04-04 17:45:00,90463,15127
2025-04-04 17:50:00,81286,15719
2025-04-04 17:55:00,79174,14823
2025-04-04 18:00:00,88677,17964
2025-04-04 18:05:00,86089,16396
2025-04-04 18:10:00,94394,21916
2025-04-04 18:15:00,82521,14659
2025-04-04 18:20:00,90177,17014
2025-04-04 18:25:00,78843,17079
2025-04-04 18:30:00,84142,15615
2025-04-04 18:35:00,90854,15482
2025-04-04 18:40:00,82163,16394
2025-04-04 18:45:00,90593,17898
2025-04-04 18:50:00,85627,15592
2025-04-04 18:55:00,88350,16463
2025-04-04 19:00:00,83545,16779
2025-04-04 19:05:00,82137,14423
2025-04-04 19:10:00,89836,15149
2025-04-04 19:15:00,77808,18678
2025-04-04 19:20:00,94804,18841
2025-04-04 19:25:00,94387,17770
2025-04-04 19:30:00,83126,19087
2025-04-04 19:35:00,77411,14046
2025-04-04 19:40:00,87185,16915
2025-04-04 19:45:00,86181,16774
2025-04-04 19:50:00,82619,16836
2025-04-04 19:55:00,97151,19995
2025-04-04 20:00:00,92664,16058
2025-04-04 20:05:00,76669,13479
2025-04-04 20:10:00,79112,13660
2025-04-04 20:15:00,88270,14381
2025-04-04 20:20:00,78838,13900
2025-04-04 20:25:00,77123,14357
2025-04-04 20:30:00,99294,18333
2025-04-04 20:35:00,84579,14493
2025-04-04 20:40:00,89861,14267
2025-04-04 20:45:00,80033,13608
2025-04-04 20:50:00,87359,14597
2025-04-04 20:55:00,76901,14200
2025-04-04 21:00:00,83611,14579
2025-04-04 21:05:00,103759,18338
2025-04-04 21:10:00,78473,13614
2025-04-04 21:15:00,75038,13063
2025-04-04 21:20:00,83284,14109
2025-04-04 21:25:00,87873,15260
2025-04-04 21:30:00,81131,14238
2025-04-04 21:35:00,79804,13509
2025-04-04 21:40:00,101996,18269
2025-04-04 21:45:00,74757,13045
2025-04-04 21:50:00,79081,14248
2025-04-04 21:55:00,89733,15494
2025-04-04 22:00:00,81176,14509
2025-04-04 22:05:00,75049,12926
2025-04-04 22:10:00,96720,17460
2025-04-04 22:15:00,84063,14353
2025-04-04 22:20:00,78601,13830
2025-04-04 22:25:00,81893,14801
2025-04-04 22:30:00,89871,15348
2025-04-04 22:35:00,74840,12758
2025-04-04 22:40:00,80266,13723
2025-04-04 22:45:00,101636,18132
2025-04-04 22:50:00,78398,13517
2025-04-04 22:55:00,76798,14130
2025-04-04 23:00:00,86147,14837
2025-04-04 23:05:00,83498,14064
2025-04-04 23:10:00,78732,14229
2025-04-04 23:15:00,79654,13562
2025-04-04 23:20:00,100744,18228
2025-04-04 23:25:00,76408,13996
2025-04-04 23:30:00,81651,14615
2025-04-04 23:35:00,88270,14560
2025-04-04 23:40:00,82096,13795
2025-04-04 23:45:00,75443,13063
2025-04-04 23:50:00,85604,14614
2025-04-04 23:55:00,98925,18795
2025-04-05 00:00:00,81273,14661
2025-04-05 00:05:00,75845,13098
2025-04-05 00:10:00,92325,15510
2025-04-05 00:15:00,74737,13040
2025-04-05 00:20:00,79142,14117
2025-04-05 00:25:00,90125,15562
2025-04-05 00:30:00,94204,18213
2025-04-05 00:35:00,75166,12876
2025-04-05 00:40:00,84738,14263
2025-04-05 00:45:00,83623,14149
2025-04-05 00:50:00,78589,13426
2025-04-05 00:55:00,77300,14179
2025-04-05 01:00:00,107395,19325
2025-04-05 01:05:00,75184,13208
2025-04-05 01:10:00,79069,13685
2025-04-05 01:15:00,88447,14651
2025-04-05 01:20:00,80030,16663
2025-04-05 01:25:00,77447,14643
2025-04-05 01:30:00,86039,15050
2025-04-05 01:35:00,110031,19025
2025-04-05 01:40:00,80154,13706
2025-04-05 01:45:00,75398,13410
2025-04-05 01:50:00,96877,15560
2025-04-05 01:55:00,76854,14181
2025-04-05 02:00:00,81921,14596
2025-04-05 02:05:00,90448,14547
2025-04-05 02:10:00,91623,17098
2025-04-05 02:15:00,75661,12825
2025-04-05 02:20:00,83707,14627
2025-04-05 02:25:00,87625,15389
2025-04-05 02:30:00,81270,14512
2025-04-05 02:35:00,75967,13260
2025-04-05 02:40:00,106492,19093
2025-04-05 02:45:00,74714,12878
2025-04-05 02:50:00,79128,13576
2025-04-05 02:55:00,90052,15536
2025-04-05 03:00:00,80966,14534
2025-04-05 03:05:00,75440,14575
2025-04-05 03:10:00,83493,14177
2025-04-05 03:15:00,114880,17636
2025-04-05 03:20:00,78686,13921
2025-04-05 03:25:00,77036,14573
2025-04-05 03:30:00,94985,15902
2025-04-05 03:35:00,74344,13015
2025-04-05 03:40:00,80984,13880
2025-04-05 03:45:00,88113,14708
2025-04-05 03:50:00,91034,17762
2025-04-05 03:55:00,76897,14243
2025-04-05 04:00:00,86172,15775
2025-04-05 04:05:00,83845,15660
2025-04-05 04:10:00,78416,13588
2025-04-05 04:15:00,75404,13241
2025-04-05 04:20:00,105133,19094
2025-04-05 04:25:00,77075,14704
2025-04-05 04:30:00,81952,14607
2025-04-05 04:35:00,88309,14747
2025-04-05 04:40:00,79747,13804
2025-04-05 04:45:00,75140,12917
2025-04-05 04:50:00,85280,14385
2025-04-05 04:55:00,98622,18671
2025-04-05 05:00:00,81245,14368
2025-04-05 05:05:00,75252,13052
2025-04-05 05:10:00,91735,15323
2025-04-05 05:15:00,75132,13025
2025-04-05 05:20:00,79164,14244
2025-04-05 05:25:00,89894,15650
2025-04-05 05:30:00,94298,18064
2025-04-05 05:35:00,75012,13092
2025-04-05 05:40:00,84705,14348
2025-04-05 05:45:00,83852,14028
2025-04-05 05:50:00,78656,13715
2025-04-05 05:55:00,77065,14424
2025-04-05 06:00:00,108035,20354
2025-04-05 06:05:00,74683,14778
2025-04-05 06:10:00,79228,13832
2025-04-05 06:15:00,88226,14651
2025-04-05 06:20:00,78834,14086
2025-04-05 06:25:00,76601,15161
2025-04-05 06:30:00,86341,14989
2025-04-05 06:35:00,96655,17725
2025-04-05 06:40:00,90324,14578
2025-04-05 06:45:00,76851,13405
2025-04-05 06:50:00,92499,15320
2025-04-05 06:55:00,76605,14200
2025-04-05 07:00:00,81634,14556
2025-04-05 07:05:00,90442,14697
2025-04-05 07:10:00,91795,17318
2025-04-05 07:15:00,75261,12953
2025-04-05 07:20:00,83294,14302
2025-04-05 07:25:00,82526,13821
2025-04-05 07:30:00,77195,12362
2025-04-05 07:35:00,73976,11976
2025-04-05 07:40:00,91993,14163
2025-04-05 07:45:00,86528,15390
2025-04-05 07:50:00,77393,12003
2025-04-05 07:55:00,86627,13327
2025-04-05 08:00:00,77008,12338
2025-04-05 08:05:00,73895,12173
2025-04-05 08:10:00,82069,12900
2025-04-05 08:15:00,95247,16550
2025-04-05 08:20:00,77399,13047
2025-04-05 08:25:00,73704,11908
2025-04-05 08:30:00,90172,13586
2025-04-05 08:35:00,73590,11979
2025-04-05 08:40:00,79089,12429
2025-04-05 08:45:00,89218,16326
2025-04-05 08:50:00,87871,13194
2025-04-05 08:55:00,73527,12160
2025-04-05 09:00:00,81797,12541
2025-04-05 09:05:00,82728,12895
2025-04-05 09:10:00,77183,12403
2025-04-05 09:15:00,73630,11886
2025-04-05 09:20:00,90873,14317
2025-04-05 09:25:00,86398,15582
2025-04-05 09:30:00,77486,12306
2025-04-05 09:35:00,88989,13401
2025-04-05 09:40:00,78353,12993
2025-04-05 09:45:00,73781,11687
2025-04-05 09:50:00,81706,12845
2025-04-05 09:55:00,84843,16205
2025-04-05 10:00:00,88473,12976
2025-04-05 10:05:00,73750,12011
2025-04-05 10:10:00,90179,14014
2025-04-05 10:15:00,73663,11853
2025-04-05 10:20:00,78092,13139
2025-04-05 10:25:00,86239,13712
2025-04-05 10:30:00,90262,15847
2025-04-05 10:35:00,73825,11948
2025-04-05 10:40:00,83230,12614
2025-04-05 10:45:00,95472,14461
2025-04-05 10:50:00,77614,12622
2025-04-05 10:55:00,73503,12060
2025-04-05 11:00:00,90530,13814
2025-04-05 11:05:00,86795,15165
2025-04-05 11:10:00,77407,12548
2025-04-05 11:15:00,88495,13593
2025-04-05 11:20:00,77991,12922
2025-04-05 11:25:00,73341,12038
2025-04-05 11:30:00,81867,12837
2025-04-05 11:35:00,84617,13064
2025-04-05 11:40:00,91411,16059
2025-04-05 11:45:00,74573,12048
2025-04-05 11:50:00,90151,13713
2025-04-05 11:55:00,73455,11866
2025-04-05 12:00:00,77780,12238
2025-04-05 12:05:00,89003,13506
2025-04-05 12:10:00,76750,12299
2025-04-05 12:15:00,87028,15477
2025-04-05 12:20:00,82013,13352
2025-04-05 12:25:00,82197,13017
2025-04-05 12:30:00,77193,13435
2025-04-05 12:35:00,73867,12512
2025-04-05 12:40:00,92147,14216
2025-04-05 12:45:00,86478,15626
2025-04-05 12:50:00,77388,12683
2025-04-05 12:55:00,86761,13407
2025-04-05 13:00:00,77312,12728
2025-04-05 13:05:00,73638,11854
2025-04-05 13:10:00,81787,13447
2025-04-05 13:15:00,84754,15665
2025-04-05 13:20:00,88549,13412
2025-04-05 13:25:00,73798,11855
2025-04-05 13:30:00,90058,13973
2025-04-05 13:35:00,73760,11952
2025-04-05 13:40:00,79334,12891
2025-04-05 13:45:00,86511,13397
2025-04-05 13:50:00,90232,15751
2025-04-05 13:55:00,73528,11909
2025-04-05 14:00:00,82024,12872
2025-04-05 14:05:00,82500,13023
2025-04-05 14:10:00,77176,12060
2025-04-05 14:15:00,74031,11721
2025-04-05 14:20:00,92760,16148
2025-04-05 14:25:00,86581,15701
2025-04-05 14:30:00,77809,12274
2025-04-05 14:35:00,86530,13526
2025-04-05 14:40:00,78567,12500
2025-04-05 14:45:00,73891,12025
2025-04-05 14:50:00,78327,12529
2025-04-05 14:55:00,92393,16381
2025-04-05 15:00:00,77489,12329
2025-04-05 15:05:00,73526,12096
2025-04-05 15:10:00,90825,13990
2025-04-05 15:15:00,74004,12009
2025-04-05 15:20:00,77534,12714
2025-04-05 15:25:00,86718,13603
2025-04-05 15:30:00,90700,15736
2025-04-05 15:35:00,73607,11828
2025-04-05 15:40:00,83082,12756
2025-04-05 15:45:00,83809,13257
2025-04-05 15:50:00,77985,12457
2025-04-05 15:55:00,73680,11943
2025-04-05 16:00:00,90716,13811
2025-04-05 16:05:00,86538,15187
2025-04-05 16:10:00,77917,12205
2025-04-05 16:15:00,89159,13338
2025-04-05 16:20:00,78336,12707
2025-04-05 16:25:00,73390,12243
2025-04-05 16:30:00,81660,12807
2025-04-05 16:35:00,84834,12955
2025-04-05 16:40:00,102504,16758
2025-04-05 16:45:00,74141,11982
2025-04-05 16:50:00,92319,14151
2025-04-05 16:55:00,73541,11654
2025-04-05 17:00:00,77349,12399
2025-04-05 17:05:00,86620,12986
2025-04-05 17:10:00,90594,15916
2025-04-05 17:15:00,74101,12018
2025-04-05 17:20:00,82013,13265
2025-04-05 17:25:00,82224,12890
2025-04-05 17:30:00,76786,12247
2025-04-05 17:35:00,74270,11759
2025-04-05 17:40:00,91560,14202
2025-04-05 17:45:00,86937,15136
2025-04-05 17:50:00,77469,12215
2025-04-05 17:55:00,86227,13461
2025-04-05 18:00:00,77476,12421
2025-04-05 18:05:00,73856,13633
2025-04-05 18:10:00,81990,13182
2025-04-05 18:15:00,82857,12844
2025-04-05 18:20:00,90338,16179
2025-04-05 18:25:00,73784,12076
2025-04-05 18:30:00,90384,14073
2025-04-05 18:35:00,73617,11841
2025-04-05 18:40:00,78535,12531
2025-04-05 18:45:00,86853,13281
2025-04-05 18:50:00,77419,12519
2025-04-05 18:55:00,75167,14601
2025-04-05 19:00:00,93396,13667
2025-04-05 19:05:00,82222,12844
2025-04-05 19:10:00,77417,12538
2025-04-05 19:15:00,74179,11862
2025-04-05 19:20:00,92626,14209
2025-04-05 19:25:00,73490,11875
2025-04-05 19:30:00,90551,16037
2025-04-05 19:35:00,86645,13065
2025-04-05 19:40:00,78590,12753
2025-04-05 19:45:00,73649,11673
2025-04-05 19:50:00,81760,12774
2025-04-05 19:55:00,82405,13047
2025-04-05 20:00:00,97066,14672
2025-04-05 20:05:00,87239,15375
2025-04-05 20:10:00,90411,14287
2025-04-05 20:15:00,73683,11848
2025-04-05 20:20:00,77835,12642
2025-04-05 20:25:00,87856,15262
2025-04-05 20:30:00,78135,12113
2025-04-05 20:35:00,86765,15187
2025-04-05 20:40:00,82972,12991
2025-04-05 20:45:00,82336,12721
2025-04-05 20:50:00,76981,12305
2025-04-05 20:55:00,73851,12148
2025-04-05 21:00:00,90929,13865
2025-04-05 21:05:00,73698,11614
2025-04-05 21:10:00,90657,16261
2025-04-05 21:15:00,89094,13617
2025-04-05 21:20:00,77076,12926
2025-04-05 21:25:00,73741,11866
2025-04-05 21:30:00,81834,12652
2025-04-05 21:35:00,82456,13085
2025-04-05 21:40:00,91653,16150
2025-04-05 21:45:00,74086,11640
2025-04-05 21:50:00,92586,15008
2025-04-05 21:55:00,73377,11823
2025-04-05 22:00:00,77389,12285
2025-04-05 22:05:00,86969,13855
2025-04-05 22:10:00,77487,12582
2025-04-05 22:15:00,86972,15216
2025-04-05 22:20:00,82059,13226
2025-04-05 22:25:00,82214,13067
2025-04-05 22:30:00,77277,12442
2025-04-05 22:35:00,73645,11687
2025-04-05 22:40:00,91857,13988
2025-04-05 22:45:00,86730,15404
2025-04-05 22:50:00,77835,12418
2025-04-05 22:55:00,86337,13303
2025-04-05 23:00:00,77182,12161
2025-04-05 23:05:00,73730,11998
2025-04-05 23:10:00,81795,12687
2025-04-05 23:15:00,82463,12905
2025-04-05 23:20:00,90721,16323
2025-04-05 23:25:00,73792,12106
2025-04-05 23:30:00,90355,13969
2025-04-05 23:35:00,73496,12501
2025-04-05 23:40:00,79436,12922
2025-04-05 23:45:00,86516,13114
2025-04-05 23:50:00,77358,12257
2025-04-05 23:55:00,86452,15203
2025-04-06 00:00:00,81758,12620
2025-04-06 00:05:00,82505,12923
2025-04-06 00:10:00,77380,12627
2025-04-06 00:15:00,74018,12153
2025-04-06 00:20:00,92699,14446
2025-04-06 00:25:00,73327,11907
2025-04-06 00:30:00,90574,15725
2025-04-06 00:35:00,87129,13330
2025-04-06 00:40:00,77879,12403
2025-04-06 00:45:00,73917,12037
2025-04-06 00:50:00,82370,13153
2025-04-06 00:55:00,83981,13223
2025-04-06 01:00:00,90070,15736
2025-04-06 01:05:00,74019,11835
2025-04-06 01:10:00,91317,14629
2025-04-06 01:15:00,73673,12323
2025-04-06 01:20:00,77713,12738
2025-04-06 01:25:00,86795,13393
2025-04-06 01:30:00,77148,12522
2025-04-06 01:35:00,86735,15452
2025-04-06 01:40:00,88752,14476
2025-04-06 01:45:00,82434,13245
2025-04-06 01:50:00,77422,12239
2025-04-06 01:55:00,73598,11883
2025-04-06 02:00:00,90376,14296
2025-04-06 02:05:00,74292,12461
2025-04-06 02:10:00,90493,15926
2025-04-06 02:15:00,89755,13496
2025-04-06 02:20:00,77263,12661
2025-04-06 02:25:00,73682,12166
2025-04-06 02:30:00,81907,12907
2025-04-06 02:35:00,84517,13045
2025-04-06 02:40:00,88700,13266
2025-04-06 02:45:00,86954,15043
2025-04-06 02:50:00,92411,14039
2025-04-06 02:55:00,73337,11794
2025-04-06 03:00:00,77481,12456
2025-04-06 03:05:00,86705,13132
2025-04-06 03:10:00,77647,12718
2025-04-06 03:15:00,73975,12104
2025-04-06 03:20:00,94690,17861
2025-04-06 03:25:00,82405,12966
2025-04-06 03:30:00,77121,12371
2025-04-06 03:35:00,73769,11918
2025-04-06 03:40:00,92106,13945
2025-04-06 03:45:00,73502,11998
2025-04-06 03:50:00,77517,12407
2025-04-06 03:55:00,102633,19294
2025-04-06 04:00:00,77084,12140
2025-04-06 04:05:00,73780,11678
2025-04-06 04:10:00,81168,12653
2025-04-06 04:15:00,83002,13030
2025-04-06 04:20:00,77284,12693
2025-04-06 04:25:00,73384,11471
2025-04-06 04:30:00,103100,17161
2025-04-06 04:35:00,73122,11537
2025-04-06 04:40:00,78693,12708
2025-04-06 04:45:00,86585,13097
2025-04-06 04:50:00,76914,12418
2025-04-06 04:55:00,72989,11551
2025-04-06 05:00:00,83554,12948
2025-04-06 05:05:00,95324,16309
2025-04-06 05:10:00,90113,13624
2025-04-06 05:15:00,74032,11672
2025-04-06 05:20:00,90332,14101
2025-04-06 05:25:00,73467,11772
2025-04-06 05:30:00,76883,11921
2025-04-06 05:35:00,86531,12825
2025-04-06 05:40:00,91242,15630
2025-04-06 05:45:00,73295,11528
2025-04-06 05:50:00,81819,12537
2025-04-06 05:55:00,81744,12733
2025-04-06 06:00:00,77126,12258
2025-04-06 06:05:00,74071,13456
2025-04-06 06:10:00,103266,17439
2025-04-06 06:15:00,74006,11730
2025-04-06 06:20:00,77111,12468
2025-04-06 06:25:00,86323,13251
2025-04-06 06:30:00,77035,12193
2025-04-06 06:35:00,76603,11777
2025-04-06 06:40:00,83459,12837
2025-04-06 06:45:00,95107,16176
2025-04-06 06:50:00,77031,12231
2025-04-06 06:55:00,73476,11735
2025-04-06 07:00:00,90880,13857
2025-04-06 07:05:00,73339,11771
2025-04-06 07:10:00,77545,12174
2025-04-06 07:15:00,101545,16682
2025-04-06 07:20:00,77364,13305
2025-04-06 07:25:00,73384,11540
2025-04-06 07:30:00,81518,12636
2025-04-06 07:35:00,84330,12892
2025-04-06 07:40:00,78526,12318
2025-04-06 07:45:00,73722,11598
2025-04-06 07:50:00,102857,17693
2025-04-06 07:55:00,73580,12061
2025-04-06 08:00:00,77153,12006
2025-04-06 08:05:00,86493,13139
2025-04-06 08:10:00,77132,12634
2025-04-06 08:15:00,73631,11763
2025-04-06 08:20:00,81617,13083
2025-04-06 08:25:00,95312,16451
2025-04-06 08:30:00,77019,11973
2025-04-06 08:35:00,73625,11638
2025-04-06 08:40:00,91512,13827
2025-04-06 08:45:00,73350,11730
2025-04-06 08:50:00,77865,12233
2025-04-06 08:55:00,99222,16658
2025-04-06 09:00:00,77064,12060
2025-04-06 09:05:00,72822,11618
2025-04-06 09:10:00,81821,12707
2025-04-06 09:15:00,82313,12761
2025-04-06 09:20:00,77220,12554
2025-04-06 09:25:00,73448,11667
2025-04-06 09:30:00,103367,17222
2025-04-06 09:35:00,73329,12058
2025-04-06 09:40:00,78815,12183
2025-04-06 09:45:00,86435,13069
2025-04-06 09:50:00,77048,11938
2025-04-06 09:55:00,73415,11656
2025-04-06 10:00:00,84576,14441
2025-04-06 10:05:00,94220,14419
2025-04-06 10:10:00,77131,12269
2025-04-06 10:15:00,74056,11823
2025-04-06 10:20:00,90236,14448
2025-04-06 10:25:00,73094,11659
2025-04-06 10:30:00,77295,12157
2025-04-06 10:35:00,99718,16678
2025-04-06 10:40:00,78459,12746
2025-04-06 10:45:00,73322,11779
2025-04-06 10:50:00,81767,12507
2025-04-06 10:55:00,81718,12600
2025-04-06 11:00:00,76960,11933
2025-04-06 11:05:00,74061,11780
2025-04-06 11:10:00,102844,17212
2025-04-06 11:15:00,73355,11774
2025-04-06 11:20:00,77532,12217
2025-04-06 11:25:00,86110,13244
2025-04-06 11:30:00,77182,12117
2025-04-06 11:35:00,73468,11637
2025-04-06 11:40:00,83020,12496
2025-04-06 11:45:00,95523,16757
2025-04-06 11:50:00,77002,12165
2025-04-06 11:55:00,73104,12068
2025-04-06 12:00:00,90185,13660
2025-04-06 12:05:00,73489,11846
2025-04-06 12:10:00,77659,12893
2025-04-06 12:15:00,101641,16979
2025-04-06 12:20:00,77397,12495
2025-04-06 12:25:00,73140,11654
2025-04-06 12:30:00,81800,12596
2025-04-06 12:35:00,82314,12754
2025-04-06 12:40:00,88315,13170
2025-04-06 12:45:00,73597,11820
2025-04-06 12:50:00,106004,17707
2025-04-06 12:55:00,75082,12147
2025-04-06 13:00:00,77418,12044
2025-04-06 13:05:00,86387,13026
2025-04-06 13:10:00,77351,12383
2025-04-06 13:15:00,73386,11502
2025-04-06 13:20:00,81458,13021
2025-04-06 13:25:00,94993,16358
2025-04-06 13:30:00,340629,316248
2025-04-06 13:35:00,102619,46856
2025-04-06 13:40:00,185356,120647
2025-04-06 13:45:00,146107,95695
2025-04-06 13:50:00,87429,22989
2025-04-06 13:55:00,28177,12650